22 11
38
13 0 A -1 0 X 0 0
16 0 D -1 0 X 0 0
21 0 A -1 0 X 0 0
10 1 A -1 0 X 0 0
11 1 B -1 0 X 0 0
16 1 WALL -1 0 X 0 0
17 1 B -1 0 X 0 0
0 2 ROOT 0 1 N 0 1
16 2 C -1 0 X 0 0
18 2 A -1 0 X 0 0
4 3 B -1 0 X 0 0
9 3 B -1 0 X 0 0
14 3 C -1 0 X 0 0
20 3 A -1 0 X 0 0
0 4 C -1 0 X 0 0
3 4 D -1 0 X 0 0
20 4 WALL -1 0 X 0 0
3 5 D -1 0 X 0 0
9 5 D -1 0 X 0 0
12 5 D -1 0 X 0 0
18 5 D -1 0 X 0 0
1 6 WALL -1 0 X 0 0
18 6 D -1 0 X 0 0
21 6 C -1 0 X 0 0
1 7 A -1 0 X 0 0
7 7 C -1 0 X 0 0
12 7 B -1 0 X 0 0
17 7 B -1 0 X 0 0
3 8 A -1 0 X 0 0
5 8 C -1 0 X 0 0
21 8 ROOT 1 2 N 0 2
4 9 B -1 0 X 0 0
5 9 WALL -1 0 X 0 0
10 9 B -1 0 X 0 0
11 9 A -1 0 X 0 0
0 10 A -1 0 X 0 0
5 10 D -1 0 X 0 0
8 10 A -1 0 X 0 0
4 9 5 6
4 9 5 6
1