24 12
26
1 0 A -1 0 X 0 0
2 0 ROOT 0 1 N 0 1
12 0 A -1 0 X 0 0
22 1 WALL -1 0 X 0 0
23 2 B -1 0 X 0 0
2 3 D -1 0 X 0 0
10 3 WALL -1 0 X 0 0
12 3 C -1 0 X 0 0
20 3 WALL -1 0 X 0 0
4 4 C -1 0 X 0 0
11 5 WALL -1 0 X 0 0
13 5 B -1 0 X 0 0
18 5 D -1 0 X 0 0
5 6 D -1 0 X 0 0
10 6 B -1 0 X 0 0
12 6 WALL -1 0 X 0 0
19 7 C -1 0 X 0 0
3 8 WALL -1 0 X 0 0
11 8 C -1 0 X 0 0
13 8 WALL -1 0 X 0 0
21 8 D -1 0 X 0 0
0 9 B -1 0 X 0 0
1 10 WALL -1 0 X 0 0
11 11 A -1 0 X 0 0
21 11 ROOT 1 2 N 0 2
22 11 A -1 0 X 0 0
3 7 10 5
3 7 10 5
1