20 10
36
8 0 D -1 0 X 0 0
13 0 A -1 0 X 0 0
14 0 A -1 0 X 0 0
17 0 A -1 0 X 0 0
0 1 ROOT 0 1 N 0 1
4 1 D -1 0 X 0 0
18 1 A -1 0 X 0 0
19 1 C -1 0 X 0 0
1 2 C -1 0 X 0 0
5 2 B -1 0 X 0 0
8 2 B -1 0 X 0 0
1 3 C -1 0 X 0 0
2 3 B -1 0 X 0 0
13 3 B -1 0 X 0 0
1 4 C -1 0 X 0 0
5 4 B -1 0 X 0 0
12 4 D -1 0 X 0 0
15 4 D -1 0 X 0 0
4 5 D -1 0 X 0 0
7 5 D -1 0 X 0 0
14 5 B -1 0 X 0 0
18 5 C -1 0 X 0 0
6 6 B -1 0 X 0 0
17 6 B -1 0 X 0 0
18 6 C -1 0 X 0 0
11 7 B -1 0 X 0 0
14 7 B -1 0 X 0 0
18 7 C -1 0 X 0 0
0 8 C -1 0 X 0 0
1 8 A -1 0 X 0 0
15 8 D -1 0 X 0 0
19 8 ROOT 1 2 N 0 2
2 9 A -1 0 X 0 0
5 9 A -1 0 X 0 0
6 9 A -1 0 X 0 0
11 9 D -1 0 X 0 0
8 5 10 3
8 5 10 3
1