24 12
52
1 0 A -1 0 X 0 0
9 0 D -1 0 X 0 0
5 1 A -1 0 X 0 0
8 1 B -1 0 X 0 0
12 1 D -1 0 X 0 0
13 1 A -1 0 X 0 0
17 1 B -1 0 X 0 0
18 1 A -1 0 X 0 0
22 1 D -1 0 X 0 0
3 2 ROOT 0 1 N 0 1
16 2 C -1 0 X 0 0
22 2 D -1 0 X 0 0
23 2 C -1 0 X 0 0
0 3 C -1 0 X 0 0
4 3 A -1 0 X 0 0
5 3 C -1 0 X 0 0
8 3 B -1 0 X 0 0
12 3 C -1 0 X 0 0
23 3 A -1 0 X 0 0
12 4 D -1 0 X 0 0
18 4 B -1 0 X 0 0
19 4 A -1 0 X 0 0
23 4 C -1 0 X 0 0
2 5 B -1 0 X 0 0
6 5 D -1 0 X 0 0
8 5 B -1 0 X 0 0
15 6 B -1 0 X 0 0
17 6 D -1 0 X 0 0
21 6 B -1 0 X 0 0
0 7 C -1 0 X 0 0
4 7 A -1 0 X 0 0
5 7 B -1 0 X 0 0
11 7 D -1 0 X 0 0
0 8 A -1 0 X 0 0
11 8 C -1 0 X 0 0
15 8 B -1 0 X 0 0
18 8 C -1 0 X 0 0
19 8 A -1 0 X 0 0
23 8 C -1 0 X 0 0
0 9 C -1 0 X 0 0
1 9 D -1 0 X 0 0
7 9 C -1 0 X 0 0
20 9 ROOT 1 2 N 0 2
1 10 D -1 0 X 0 0
5 10 A -1 0 X 0 0
6 10 B -1 0 X 0 0
10 10 A -1 0 X 0 0
11 10 D -1 0 X 0 0
15 10 B -1 0 X 0 0
18 10 A -1 0 X 0 0
14 11 D -1 0 X 0 0
22 11 A -1 0 X 0 0
6 9 6 4
6 9 6 4
1