22 11
68
1 0 A -1 0 X 0 0
2 0 C -1 0 X 0 0
3 0 ROOT 1 1 N 0 1
5 0 WALL -1 0 X 0 0
7 0 D -1 0 X 0 0
14 0 D -1 0 X 0 0
16 0 WALL -1 0 X 0 0
18 0 ROOT 0 2 N 0 2
19 0 C -1 0 X 0 0
20 0 A -1 0 X 0 0
4 1 C -1 0 X 0 0
8 1 A -1 0 X 0 0
13 1 A -1 0 X 0 0
17 1 C -1 0 X 0 0
0 2 WALL -1 0 X 0 0
1 2 B -1 0 X 0 0
5 2 C -1 0 X 0 0
7 2 D -1 0 X 0 0
14 2 D -1 0 X 0 0
16 2 C -1 0 X 0 0
20 2 B -1 0 X 0 0
21 2 WALL -1 0 X 0 0
3 3 A -1 0 X 0 0
6 3 WALL -1 0 X 0 0
7 3 B -1 0 X 0 0
9 3 B -1 0 X 0 0
12 3 B -1 0 X 0 0
14 3 B -1 0 X 0 0
15 3 WALL -1 0 X 0 0
18 3 A -1 0 X 0 0
6 4 WALL -1 0 X 0 0
8 4 WALL -1 0 X 0 0
13 4 WALL -1 0 X 0 0
15 4 WALL -1 0 X 0 0
1 5 A -1 0 X 0 0
20 5 A -1 0 X 0 0
4 6 WALL -1 0 X 0 0
5 6 A -1 0 X 0 0
7 6 D -1 0 X 0 0
8 6 WALL -1 0 X 0 0
13 6 WALL -1 0 X 0 0
14 6 D -1 0 X 0 0
16 6 A -1 0 X 0 0
17 6 WALL -1 0 X 0 0
1 7 C -1 0 X 0 0
5 7 D -1 0 X 0 0
6 7 WALL -1 0 X 0 0
7 7 C -1 0 X 0 0
14 7 C -1 0 X 0 0
15 7 WALL -1 0 X 0 0
16 7 D -1 0 X 0 0
20 7 C -1 0 X 0 0
0 8 WALL -1 0 X 0 0
4 8 WALL -1 0 X 0 0
5 8 A -1 0 X 0 0
9 8 WALL -1 0 X 0 0
12 8 WALL -1 0 X 0 0
16 8 A -1 0 X 0 0
17 8 WALL -1 0 X 0 0
21 8 WALL -1 0 X 0 0
7 9 B -1 0 X 0 0
8 9 C -1 0 X 0 0
13 9 C -1 0 X 0 0
14 9 B -1 0 X 0 0
0 10 A -1 0 X 0 0
10 10 D -1 0 X 0 0
11 10 D -1 0 X 0 0
21 10 A -1 0 X 0 0
8 6 8 7
8 6 8 7
1
