18 9
26
0 1 ROOT 1 1 N 0 1
2 1 WALL -1 0 X 0 0
4 1 WALL -1 0 X 0 0
0 2 C -1 0 X 0 0
2 2 B -1 0 X 0 0
4 2 B -1 0 X 0 0
14 2 D -1 0 X 0 0
15 2 D -1 0 X 0 0
16 2 C -1 0 X 0 0
1 3 A -1 0 X 0 0
12 3 WALL -1 0 X 0 0
4 4 A -1 0 X 0 0
5 4 WALL -1 0 X 0 0
12 4 WALL -1 0 X 0 0
13 4 A -1 0 X 0 0
5 5 WALL -1 0 X 0 0
16 5 A -1 0 X 0 0
1 6 C -1 0 X 0 0
2 6 D -1 0 X 0 0
3 6 D -1 0 X 0 0
13 6 B -1 0 X 0 0
15 6 B -1 0 X 0 0
17 6 C -1 0 X 0 0
13 7 WALL -1 0 X 0 0
15 7 WALL -1 0 X 0 0
17 7 ROOT 0 2 N 0 2
9 8 9 9
9 8 9 9
1
