18 9
28
0 0 C -1 0 X 0 0
8 0 WALL -1 0 X 0 0
12 0 WALL -1 0 X 0 0
13 0 D -1 0 X 0 0
7 1 A -1 0 X 0 0
8 1 B -1 0 X 0 0
0 2 ROOT 1 1 N 0 1
6 2 WALL -1 0 X 0 0
13 2 A -1 0 X 0 0
3 3 D -1 0 X 0 0
7 3 A -1 0 X 0 0
0 4 B -1 0 X 0 0
4 4 WALL -1 0 X 0 0
6 4 C -1 0 X 0 0
11 4 C -1 0 X 0 0
13 4 WALL -1 0 X 0 0
17 4 B -1 0 X 0 0
10 5 A -1 0 X 0 0
14 5 D -1 0 X 0 0
4 6 A -1 0 X 0 0
11 6 WALL -1 0 X 0 0
17 6 ROOT 0 2 N 0 2
9 7 B -1 0 X 0 0
10 7 A -1 0 X 0 0
4 8 D -1 0 X 0 0
5 8 WALL -1 0 X 0 0
9 8 WALL -1 0 X 0 0
17 8 C -1 0 X 0 0
5 3 5 8
5 3 5 8
1
