20 10
50
0 0 C -1 0 X 0 0
5 0 D -1 0 X 0 0
6 0 A -1 0 X 0 0
13 0 A -1 0 X 0 0
14 0 D -1 0 X 0 0
19 0 C -1 0 X 0 0
3 1 C -1 0 X 0 0
8 1 A -1 0 X 0 0
11 1 A -1 0 X 0 0
16 1 C -1 0 X 0 0
0 2 C -1 0 X 0 0
9 2 A -1 0 X 0 0
10 2 A -1 0 X 0 0
19 2 C -1 0 X 0 0
0 3 WALL -1 0 X 0 0
3 3 ROOT 1 1 N 0 1
16 3 ROOT 0 2 N 0 2
19 3 WALL -1 0 X 0 0
1 4 D -1 0 X 0 0
2 4 A -1 0 X 0 0
7 4 A -1 0 X 0 0
8 4 D -1 0 X 0 0
11 4 D -1 0 X 0 0
12 4 A -1 0 X 0 0
17 4 A -1 0 X 0 0
18 4 D -1 0 X 0 0
0 5 B -1 0 X 0 0
6 5 D -1 0 X 0 0
13 5 D -1 0 X 0 0
19 5 B -1 0 X 0 0
1 6 C -1 0 X 0 0
4 6 WALL -1 0 X 0 0
6 6 B -1 0 X 0 0
13 6 B -1 0 X 0 0
15 6 WALL -1 0 X 0 0
18 6 C -1 0 X 0 0
2 7 WALL -1 0 X 0 0
5 7 B -1 0 X 0 0
7 7 C -1 0 X 0 0
12 7 C -1 0 X 0 0
14 7 B -1 0 X 0 0
17 7 WALL -1 0 X 0 0
4 8 B -1 0 X 0 0
15 8 B -1 0 X 0 0
3 9 D -1 0 X 0 0
8 9 WALL -1 0 X 0 0
9 9 A -1 0 X 0 0
10 9 A -1 0 X 0 0
11 9 WALL -1 0 X 0 0
16 9 D -1 0 X 0 0
4 8 5 10
4 8 5 10
1
