24 12
74
2 0 ROOT 0 1 N 0 1
5 0 B -1 0 X 0 0
10 0 C -1 0 X 0 0
13 0 C -1 0 X 0 0
18 0 B -1 0 X 0 0
21 0 ROOT 1 2 N 0 2
1 1 B -1 0 X 0 0
2 1 B -1 0 X 0 0
7 1 C -1 0 X 0 0
8 1 C -1 0 X 0 0
11 1 D -1 0 X 0 0
12 1 D -1 0 X 0 0
15 1 C -1 0 X 0 0
16 1 C -1 0 X 0 0
21 1 B -1 0 X 0 0
22 1 B -1 0 X 0 0
0 2 A -1 0 X 0 0
6 2 D -1 0 X 0 0
7 2 D -1 0 X 0 0
16 2 D -1 0 X 0 0
17 2 D -1 0 X 0 0
23 2 A -1 0 X 0 0
5 3 C -1 0 X 0 0
9 3 B -1 0 X 0 0
14 3 B -1 0 X 0 0
18 3 C -1 0 X 0 0
1 4 WALL -1 0 X 0 0
3 4 WALL -1 0 X 0 0
10 4 A -1 0 X 0 0
11 4 D -1 0 X 0 0
12 4 D -1 0 X 0 0
13 4 A -1 0 X 0 0
20 4 WALL -1 0 X 0 0
22 4 WALL -1 0 X 0 0
0 5 C -1 0 X 0 0
2 5 D -1 0 X 0 0
5 5 B -1 0 X 0 0
18 5 B -1 0 X 0 0
21 5 D -1 0 X 0 0
23 5 C -1 0 X 0 0
3 6 WALL -1 0 X 0 0
8 6 A -1 0 X 0 0
9 6 D -1 0 X 0 0
14 6 D -1 0 X 0 0
15 6 A -1 0 X 0 0
20 6 WALL -1 0 X 0 0
2 7 C -1 0 X 0 0
4 7 B -1 0 X 0 0
19 7 B -1 0 X 0 0
21 7 C -1 0 X 0 0
0 8 A -1 0 X 0 0
2 8 WALL -1 0 X 0 0
4 8 C -1 0 X 0 0
9 8 B -1 0 X 0 0
10 8 C -1 0 X 0 0
13 8 C -1 0 X 0 0
14 8 B -1 0 X 0 0
19 8 C -1 0 X 0 0
21 8 WALL -1 0 X 0 0
23 8 A -1 0 X 0 0
10 9 D -1 0 X 0 0
13 9 D -1 0 X 0 0
0 10 A -1 0 X 0 0
7 10 A -1 0 X 0 0
10 10 A -1 0 X 0 0
13 10 A -1 0 X 0 0
16 10 A -1 0 X 0 0
23 10 A -1 0 X 0 0
1 11 B -1 0 X 0 0
6 11 WALL -1 0 X 0 0
11 11 A -1 0 X 0 0
12 11 A -1 0 X 0 0
17 11 WALL -1 0 X 0 0
22 11 B -1 0 X 0 0
8 6 4 9
8 6 4 9
1
