20 10
28
5 0 WALL -1 0 X 0 0
17 0 D -1 0 X 0 0
4 1 B -1 0 X 0 0
6 1 WALL -1 0 X 0 0
17 1 WALL -1 0 X 0 0
2 2 A -1 0 X 0 0
4 2 WALL -1 0 X 0 0
5 2 D -1 0 X 0 0
10 2 C -1 0 X 0 0
17 2 B -1 0 X 0 0
0 3 A -1 0 X 0 0
3 3 ROOT 0 1 N 0 1
2 4 B -1 0 X 0 0
16 4 C -1 0 X 0 0
3 5 C -1 0 X 0 0
17 5 B -1 0 X 0 0
16 6 ROOT 1 2 N 0 2
19 6 A -1 0 X 0 0
2 7 B -1 0 X 0 0
9 7 C -1 0 X 0 0
14 7 D -1 0 X 0 0
15 7 WALL -1 0 X 0 0
17 7 A -1 0 X 0 0
2 8 WALL -1 0 X 0 0
13 8 WALL -1 0 X 0 0
15 8 B -1 0 X 0 0
2 9 D -1 0 X 0 0
14 9 WALL -1 0 X 0 0
8 4 9 8
8 4 9 8
1
