18 9
46
3 0 WALL -1 0 X 0 0
4 0 C -1 0 X 0 0
13 0 C -1 0 X 0 0
14 0 WALL -1 0 X 0 0
1 1 B -1 0 X 0 0
2 1 WALL -1 0 X 0 0
15 1 WALL -1 0 X 0 0
16 1 B -1 0 X 0 0
2 2 A -1 0 X 0 0
6 2 A -1 0 X 0 0
8 2 WALL -1 0 X 0 0
9 2 WALL -1 0 X 0 0
11 2 A -1 0 X 0 0
15 2 A -1 0 X 0 0
0 3 ROOT 0 1 N 0 1
2 3 WALL -1 0 X 0 0
5 3 WALL -1 0 X 0 0
7 3 C -1 0 X 0 0
8 3 D -1 0 X 0 0
9 3 D -1 0 X 0 0
10 3 C -1 0 X 0 0
12 3 WALL -1 0 X 0 0
15 3 WALL -1 0 X 0 0
17 3 ROOT 1 2 N 0 2
8 4 D -1 0 X 0 0
9 4 D -1 0 X 0 0
4 5 A -1 0 X 0 0
6 5 C -1 0 X 0 0
7 5 B -1 0 X 0 0
8 5 B -1 0 X 0 0
9 5 B -1 0 X 0 0
10 5 B -1 0 X 0 0
11 5 C -1 0 X 0 0
13 5 A -1 0 X 0 0
0 6 WALL -1 0 X 0 0
1 6 WALL -1 0 X 0 0
7 6 A -1 0 X 0 0
10 6 A -1 0 X 0 0
16 6 WALL -1 0 X 0 0
17 6 WALL -1 0 X 0 0
2 7 D -1 0 X 0 0
8 7 WALL -1 0 X 0 0
9 7 WALL -1 0 X 0 0
15 7 D -1 0 X 0 0
0 8 B -1 0 X 0 0
17 8 B -1 0 X 0 0
7 3 3 10
7 3 3 10
1
