22 11
44
0 0 ROOT 1 1 N 0 1
2 0 B -1 0 X 0 0
8 0 C -1 0 X 0 0
12 0 A -1 0 X 0 0
15 0 A -1 0 X 0 0
16 0 WALL -1 0 X 0 0
2 1 C -1 0 X 0 0
9 1 WALL -1 0 X 0 0
18 1 B -1 0 X 0 0
1 2 WALL -1 0 X 0 0
12 2 WALL -1 0 X 0 0
18 2 C -1 0 X 0 0
21 2 WALL -1 0 X 0 0
13 3 B -1 0 X 0 0
16 3 A -1 0 X 0 0
8 4 D -1 0 X 0 0
11 4 WALL -1 0 X 0 0
17 4 C -1 0 X 0 0
19 4 WALL -1 0 X 0 0
0 5 D -1 0 X 0 0
6 5 B -1 0 X 0 0
9 5 D -1 0 X 0 0
12 5 D -1 0 X 0 0
15 5 B -1 0 X 0 0
21 5 D -1 0 X 0 0
2 6 WALL -1 0 X 0 0
4 6 C -1 0 X 0 0
10 6 WALL -1 0 X 0 0
13 6 D -1 0 X 0 0
5 7 A -1 0 X 0 0
8 7 B -1 0 X 0 0
0 8 WALL -1 0 X 0 0
3 8 C -1 0 X 0 0
9 8 WALL -1 0 X 0 0
20 8 WALL -1 0 X 0 0
3 9 B -1 0 X 0 0
12 9 WALL -1 0 X 0 0
19 9 C -1 0 X 0 0
5 10 WALL -1 0 X 0 0
6 10 A -1 0 X 0 0
9 10 A -1 0 X 0 0
13 10 C -1 0 X 0 0
19 10 B -1 0 X 0 0
21 10 ROOT 0 2 N 0 2
10 5 7 7
10 5 7 7
1
