20 10
38
1 0 D -1 0 X 0 0
2 0 WALL -1 0 X 0 0
12 0 WALL -1 0 X 0 0
13 0 A -1 0 X 0 0
2 1 ROOT 0 1 N 0 1
3 1 WALL -1 0 X 0 0
8 1 WALL -1 0 X 0 0
5 2 A -1 0 X 0 0
7 2 A -1 0 X 0 0
12 2 WALL -1 0 X 0 0
13 2 C -1 0 X 0 0
14 2 WALL -1 0 X 0 0
19 2 B -1 0 X 0 0
1 3 D -1 0 X 0 0
7 3 C -1 0 X 0 0
14 3 D -1 0 X 0 0
18 3 B -1 0 X 0 0
19 3 C -1 0 X 0 0
6 4 B -1 0 X 0 0
13 5 B -1 0 X 0 0
0 6 C -1 0 X 0 0
1 6 B -1 0 X 0 0
5 6 D -1 0 X 0 0
12 6 C -1 0 X 0 0
18 6 D -1 0 X 0 0
0 7 B -1 0 X 0 0
5 7 WALL -1 0 X 0 0
6 7 C -1 0 X 0 0
7 7 WALL -1 0 X 0 0
12 7 A -1 0 X 0 0
14 7 A -1 0 X 0 0
11 8 WALL -1 0 X 0 0
16 8 WALL -1 0 X 0 0
17 8 ROOT 1 2 N 0 2
6 9 A -1 0 X 0 0
7 9 WALL -1 0 X 0 0
17 9 WALL -1 0 X 0 0
18 9 D -1 0 X 0 0
5 7 10 8
5 7 10 8
1
