22 11
52
3 0 B -1 0 X 0 0
12 0 B -1 0 X 0 0
16 0 A -1 0 X 0 0
18 0 A -1 0 X 0 0
21 0 D -1 0 X 0 0
11 1 C -1 0 X 0 0
12 1 D -1 0 X 0 0
13 1 WALL -1 0 X 0 0
0 2 C -1 0 X 0 0
2 2 C -1 0 X 0 0
3 2 C -1 0 X 0 0
4 2 WALL -1 0 X 0 0
21 2 D -1 0 X 0 0
1 3 ROOT 0 1 N 0 1
4 3 A -1 0 X 0 0
8 3 WALL -1 0 X 0 0
9 3 B -1 0 X 0 0
13 3 WALL -1 0 X 0 0
14 3 A -1 0 X 0 0
15 3 D -1 0 X 0 0
16 3 B -1 0 X 0 0
2 4 WALL -1 0 X 0 0
3 4 WALL -1 0 X 0 0
14 4 B -1 0 X 0 0
19 4 WALL -1 0 X 0 0
21 4 C -1 0 X 0 0
0 6 C -1 0 X 0 0
2 6 WALL -1 0 X 0 0
7 6 B -1 0 X 0 0
18 6 WALL -1 0 X 0 0
19 6 WALL -1 0 X 0 0
5 7 B -1 0 X 0 0
6 7 D -1 0 X 0 0
7 7 A -1 0 X 0 0
8 7 WALL -1 0 X 0 0
12 7 B -1 0 X 0 0
13 7 WALL -1 0 X 0 0
17 7 A -1 0 X 0 0
20 7 ROOT 1 2 N 0 2
0 8 D -1 0 X 0 0
17 8 WALL -1 0 X 0 0
18 8 C -1 0 X 0 0
19 8 C -1 0 X 0 0
21 8 C -1 0 X 0 0
8 9 WALL -1 0 X 0 0
9 9 D -1 0 X 0 0
10 9 C -1 0 X 0 0
0 10 D -1 0 X 0 0
3 10 A -1 0 X 0 0
5 10 A -1 0 X 0 0
9 10 B -1 0 X 0 0
18 10 B -1 0 X 0 0
5 8 10 7
5 8 10 7
1
