20 10
48
2 0 ROOT 1 1 N 0 1
13 0 A -1 0 X 0 0
4 1 C -1 0 X 0 0
12 1 D -1 0 X 0 0
16 1 A -1 0 X 0 0
19 1 WALL -1 0 X 0 0
1 2 C -1 0 X 0 0
4 2 WALL -1 0 X 0 0
6 2 B -1 0 X 0 0
7 2 B -1 0 X 0 0
10 2 D -1 0 X 0 0
11 2 D -1 0 X 0 0
12 2 B -1 0 X 0 0
13 2 C -1 0 X 0 0
19 2 D -1 0 X 0 0
2 3 C -1 0 X 0 0
5 3 A -1 0 X 0 0
6 3 WALL -1 0 X 0 0
9 3 C -1 0 X 0 0
12 3 B -1 0 X 0 0
16 3 WALL -1 0 X 0 0
5 4 A -1 0 X 0 0
14 4 A -1 0 X 0 0
17 4 B -1 0 X 0 0
2 5 B -1 0 X 0 0
5 5 A -1 0 X 0 0
14 5 A -1 0 X 0 0
3 6 WALL -1 0 X 0 0
7 6 B -1 0 X 0 0
10 6 C -1 0 X 0 0
13 6 WALL -1 0 X 0 0
14 6 A -1 0 X 0 0
17 6 C -1 0 X 0 0
0 7 D -1 0 X 0 0
6 7 C -1 0 X 0 0
7 7 B -1 0 X 0 0
8 7 D -1 0 X 0 0
9 7 D -1 0 X 0 0
12 7 B -1 0 X 0 0
13 7 B -1 0 X 0 0
15 7 WALL -1 0 X 0 0
18 7 C -1 0 X 0 0
0 8 WALL -1 0 X 0 0
3 8 A -1 0 X 0 0
7 8 D -1 0 X 0 0
15 8 C -1 0 X 0 0
6 9 A -1 0 X 0 0
17 9 ROOT 0 2 N 0 2
9 6 4 7
9 6 4 7
1
