16 8
38
2 0 ROOT 1 1 N 0 1
9 0 D -1 0 X 0 0
12 0 WALL -1 0 X 0 0
13 0 C -1 0 X 0 0
0 1 B -1 0 X 0 0
6 1 D -1 0 X 0 0
9 1 WALL -1 0 X 0 0
10 1 D -1 0 X 0 0
15 1 B -1 0 X 0 0
3 2 B -1 0 X 0 0
4 2 C -1 0 X 0 0
7 2 WALL -1 0 X 0 0
8 2 B -1 0 X 0 0
14 2 A -1 0 X 0 0
1 3 WALL -1 0 X 0 0
4 3 A -1 0 X 0 0
6 3 A -1 0 X 0 0
14 3 C -1 0 X 0 0
15 3 WALL -1 0 X 0 0
0 4 WALL -1 0 X 0 0
1 4 C -1 0 X 0 0
9 4 A -1 0 X 0 0
11 4 A -1 0 X 0 0
14 4 WALL -1 0 X 0 0
1 5 A -1 0 X 0 0
7 5 B -1 0 X 0 0
8 5 WALL -1 0 X 0 0
11 5 C -1 0 X 0 0
12 5 B -1 0 X 0 0
0 6 B -1 0 X 0 0
5 6 D -1 0 X 0 0
6 6 WALL -1 0 X 0 0
9 6 D -1 0 X 0 0
15 6 B -1 0 X 0 0
2 7 C -1 0 X 0 0
3 7 WALL -1 0 X 0 0
6 7 D -1 0 X 0 0
13 7 ROOT 0 2 N 0 2
4 5 8 8
4 5 8 8
1
