18 9
64
3 0 B -1 0 X 0 0
4 0 B -1 0 X 0 0
7 0 WALL -1 0 X 0 0
8 0 WALL -1 0 X 0 0
9 0 WALL -1 0 X 0 0
10 0 WALL -1 0 X 0 0
13 0 B -1 0 X 0 0
14 0 B -1 0 X 0 0
0 1 WALL -1 0 X 0 0
2 1 D -1 0 X 0 0
3 1 D -1 0 X 0 0
5 1 D -1 0 X 0 0
6 1 B -1 0 X 0 0
8 1 WALL -1 0 X 0 0
9 1 WALL -1 0 X 0 0
11 1 B -1 0 X 0 0
12 1 D -1 0 X 0 0
14 1 D -1 0 X 0 0
15 1 D -1 0 X 0 0
17 1 WALL -1 0 X 0 0
1 2 ROOT 1 1 N 0 1
2 2 WALL -1 0 X 0 0
4 2 A -1 0 X 0 0
13 2 A -1 0 X 0 0
15 2 WALL -1 0 X 0 0
16 2 ROOT 0 2 N 0 2
0 3 C -1 0 X 0 0
2 3 A -1 0 X 0 0
3 3 C -1 0 X 0 0
4 3 WALL -1 0 X 0 0
7 3 A -1 0 X 0 0
10 3 A -1 0 X 0 0
13 3 WALL -1 0 X 0 0
14 3 C -1 0 X 0 0
15 3 A -1 0 X 0 0
17 3 C -1 0 X 0 0
1 4 D -1 0 X 0 0
4 4 C -1 0 X 0 0
5 4 WALL -1 0 X 0 0
12 4 WALL -1 0 X 0 0
13 4 C -1 0 X 0 0
16 4 D -1 0 X 0 0
0 5 D -1 0 X 0 0
4 5 A -1 0 X 0 0
13 5 A -1 0 X 0 0
17 5 D -1 0 X 0 0
0 6 WALL -1 0 X 0 0
1 6 WALL -1 0 X 0 0
2 6 C -1 0 X 0 0
3 6 B -1 0 X 0 0
5 6 B -1 0 X 0 0
12 6 B -1 0 X 0 0
14 6 B -1 0 X 0 0
15 6 C -1 0 X 0 0
16 6 WALL -1 0 X 0 0
17 6 WALL -1 0 X 0 0
2 7 A -1 0 X 0 0
5 7 WALL -1 0 X 0 0
8 7 WALL -1 0 X 0 0
9 7 WALL -1 0 X 0 0
12 7 WALL -1 0 X 0 0
15 7 A -1 0 X 0 0
6 8 WALL -1 0 X 0 0
11 8 WALL -1 0 X 0 0
7 5 3 3
7 5 3 3
1
