16 8
38
2 0 WALL -1 0 X 0 0
6 0 C -1 0 X 0 0
8 0 WALL -1 0 X 0 0
0 1 A -1 0 X 0 0
1 1 B -1 0 X 0 0
4 1 B -1 0 X 0 0
8 1 WALL -1 0 X 0 0
10 1 WALL -1 0 X 0 0
12 1 B -1 0 X 0 0
1 2 ROOT 1 1 N 0 1
3 2 WALL -1 0 X 0 0
5 2 C -1 0 X 0 0
11 2 A -1 0 X 0 0
12 2 C -1 0 X 0 0
14 2 D -1 0 X 0 0
10 3 B -1 0 X 0 0
12 3 D -1 0 X 0 0
13 3 A -1 0 X 0 0
14 3 D -1 0 X 0 0
1 4 D -1 0 X 0 0
2 4 A -1 0 X 0 0
3 4 D -1 0 X 0 0
5 4 B -1 0 X 0 0
1 5 D -1 0 X 0 0
3 5 C -1 0 X 0 0
4 5 A -1 0 X 0 0
10 5 C -1 0 X 0 0
12 5 WALL -1 0 X 0 0
14 5 ROOT 0 2 N 0 2
3 6 B -1 0 X 0 0
5 6 WALL -1 0 X 0 0
7 6 WALL -1 0 X 0 0
11 6 B -1 0 X 0 0
14 6 B -1 0 X 0 0
15 6 A -1 0 X 0 0
7 7 WALL -1 0 X 0 0
9 7 C -1 0 X 0 0
13 7 WALL -1 0 X 0 0
7 5 3 7
7 5 3 7
1
