22 11
64
0 0 ROOT 0 1 N 0 1
8 0 WALL -1 0 X 0 0
11 0 A -1 0 X 0 0
14 0 C -1 0 X 0 0
15 0 B -1 0 X 0 0
21 0 A -1 0 X 0 0
1 1 B -1 0 X 0 0
2 1 A -1 0 X 0 0
5 1 B -1 0 X 0 0
8 1 WALL -1 0 X 0 0
10 1 D -1 0 X 0 0
11 1 D -1 0 X 0 0
12 1 C -1 0 X 0 0
2 2 D -1 0 X 0 0
11 2 WALL -1 0 X 0 0
14 2 A -1 0 X 0 0
16 2 WALL -1 0 X 0 0
19 2 C -1 0 X 0 0
1 3 C -1 0 X 0 0
6 3 A -1 0 X 0 0
9 3 D -1 0 X 0 0
11 3 WALL -1 0 X 0 0
13 3 B -1 0 X 0 0
14 3 WALL -1 0 X 0 0
17 3 B -1 0 X 0 0
20 3 WALL -1 0 X 0 0
10 4 B -1 0 X 0 0
14 4 A -1 0 X 0 0
19 4 D -1 0 X 0 0
0 5 WALL -1 0 X 0 0
3 5 WALL -1 0 X 0 0
9 5 C -1 0 X 0 0
12 5 C -1 0 X 0 0
18 5 WALL -1 0 X 0 0
21 5 WALL -1 0 X 0 0
2 6 D -1 0 X 0 0
7 6 A -1 0 X 0 0
11 6 B -1 0 X 0 0
1 7 WALL -1 0 X 0 0
4 7 B -1 0 X 0 0
7 7 WALL -1 0 X 0 0
8 7 B -1 0 X 0 0
10 7 WALL -1 0 X 0 0
12 7 D -1 0 X 0 0
15 7 A -1 0 X 0 0
20 7 C -1 0 X 0 0
2 8 C -1 0 X 0 0
5 8 WALL -1 0 X 0 0
7 8 A -1 0 X 0 0
10 8 WALL -1 0 X 0 0
19 8 D -1 0 X 0 0
9 9 C -1 0 X 0 0
10 9 D -1 0 X 0 0
11 9 D -1 0 X 0 0
13 9 WALL -1 0 X 0 0
16 9 B -1 0 X 0 0
19 9 A -1 0 X 0 0
20 9 B -1 0 X 0 0
0 10 A -1 0 X 0 0
6 10 B -1 0 X 0 0
7 10 C -1 0 X 0 0
10 10 A -1 0 X 0 0
13 10 WALL -1 0 X 0 0
21 10 ROOT 1 2 N 0 2
7 4 9 9
7 4 9 9
1
