22 11
90
1 0 WALL -1 0 X 0 0
4 0 D -1 0 X 0 0
10 0 WALL -1 0 X 0 0
13 0 WALL -1 0 X 0 0
17 0 C -1 0 X 0 0
20 0 WALL -1 0 X 0 0
21 0 WALL -1 0 X 0 0
2 1 B -1 0 X 0 0
11 1 A -1 0 X 0 0
14 1 B -1 0 X 0 0
16 1 A -1 0 X 0 0
20 1 C -1 0 X 0 0
0 2 C -1 0 X 0 0
3 2 WALL -1 0 X 0 0
4 2 WALL -1 0 X 0 0
8 2 B -1 0 X 0 0
9 2 C -1 0 X 0 0
12 2 WALL -1 0 X 0 0
13 2 WALL -1 0 X 0 0
15 2 WALL -1 0 X 0 0
18 2 D -1 0 X 0 0
21 2 WALL -1 0 X 0 0
2 3 D -1 0 X 0 0
3 3 ROOT 0 1 N 0 1
5 3 C -1 0 X 0 0
7 3 WALL -1 0 X 0 0
15 3 WALL -1 0 X 0 0
18 3 B -1 0 X 0 0
19 3 WALL -1 0 X 0 0
21 3 B -1 0 X 0 0
2 4 A -1 0 X 0 0
4 4 C -1 0 X 0 0
6 4 D -1 0 X 0 0
7 4 A -1 0 X 0 0
8 4 WALL -1 0 X 0 0
9 4 A -1 0 X 0 0
10 4 WALL -1 0 X 0 0
16 4 WALL -1 0 X 0 0
17 4 D -1 0 X 0 0
18 4 WALL -1 0 X 0 0
1 5 B -1 0 X 0 0
2 5 B -1 0 X 0 0
5 5 A -1 0 X 0 0
6 5 WALL -1 0 X 0 0
10 5 A -1 0 X 0 0
11 5 A -1 0 X 0 0
15 5 WALL -1 0 X 0 0
16 5 A -1 0 X 0 0
19 5 B -1 0 X 0 0
20 5 B -1 0 X 0 0
3 6 WALL -1 0 X 0 0
4 6 D -1 0 X 0 0
5 6 WALL -1 0 X 0 0
11 6 WALL -1 0 X 0 0
12 6 A -1 0 X 0 0
13 6 WALL -1 0 X 0 0
14 6 A -1 0 X 0 0
15 6 D -1 0 X 0 0
17 6 C -1 0 X 0 0
19 6 A -1 0 X 0 0
0 7 B -1 0 X 0 0
2 7 WALL -1 0 X 0 0
3 7 B -1 0 X 0 0
6 7 WALL -1 0 X 0 0
14 7 WALL -1 0 X 0 0
16 7 C -1 0 X 0 0
18 7 ROOT 1 2 N 0 2
19 7 D -1 0 X 0 0
0 8 WALL -1 0 X 0 0
3 8 D -1 0 X 0 0
6 8 WALL -1 0 X 0 0
8 8 WALL -1 0 X 0 0
9 8 WALL -1 0 X 0 0
12 8 C -1 0 X 0 0
13 8 B -1 0 X 0 0
17 8 WALL -1 0 X 0 0
18 8 WALL -1 0 X 0 0
21 8 C -1 0 X 0 0
1 9 C -1 0 X 0 0
5 9 A -1 0 X 0 0
7 9 B -1 0 X 0 0
10 9 A -1 0 X 0 0
19 9 B -1 0 X 0 0
0 10 WALL -1 0 X 0 0
1 10 WALL -1 0 X 0 0
4 10 C -1 0 X 0 0
8 10 WALL -1 0 X 0 0
11 10 WALL -1 0 X 0 0
17 10 D -1 0 X 0 0
20 10 WALL -1 0 X 0 0
4 10 7 10
4 10 7 10
1
