20 10
50
0 0 B -1 0 X 0 0
2 0 WALL -1 0 X 0 0
3 0 A -1 0 X 0 0
5 0 WALL -1 0 X 0 0
7 0 B -1 0 X 0 0
16 0 WALL -1 0 X 0 0
0 1 WALL -1 0 X 0 0
17 1 WALL -1 0 X 0 0
18 1 D -1 0 X 0 0
19 1 C -1 0 X 0 0
0 2 ROOT 1 1 N 0 1
2 2 A -1 0 X 0 0
5 2 B -1 0 X 0 0
6 2 A -1 0 X 0 0
15 2 WALL -1 0 X 0 0
17 2 C -1 0 X 0 0
0 3 D -1 0 X 0 0
5 3 WALL -1 0 X 0 0
11 3 C -1 0 X 0 0
15 3 WALL -1 0 X 0 0
16 3 D -1 0 X 0 0
18 3 WALL -1 0 X 0 0
7 4 WALL -1 0 X 0 0
9 4 A -1 0 X 0 0
17 4 B -1 0 X 0 0
2 5 B -1 0 X 0 0
10 5 A -1 0 X 0 0
12 5 WALL -1 0 X 0 0
1 6 WALL -1 0 X 0 0
3 6 D -1 0 X 0 0
4 6 WALL -1 0 X 0 0
8 6 C -1 0 X 0 0
14 6 WALL -1 0 X 0 0
19 6 D -1 0 X 0 0
2 7 C -1 0 X 0 0
4 7 WALL -1 0 X 0 0
13 7 A -1 0 X 0 0
14 7 B -1 0 X 0 0
17 7 A -1 0 X 0 0
19 7 ROOT 0 2 N 0 2
0 8 C -1 0 X 0 0
1 8 D -1 0 X 0 0
2 8 WALL -1 0 X 0 0
19 8 WALL -1 0 X 0 0
3 9 WALL -1 0 X 0 0
12 9 B -1 0 X 0 0
14 9 WALL -1 0 X 0 0
16 9 A -1 0 X 0 0
17 9 WALL -1 0 X 0 0
19 9 B -1 0 X 0 0
8 8 10 3
8 8 10 3
1
