18 9
44
1 0 C -1 0 X 0 0
5 0 C -1 0 X 0 0
12 0 C -1 0 X 0 0
16 0 C -1 0 X 0 0
1 1 WALL -1 0 X 0 0
3 1 WALL -1 0 X 0 0
4 1 WALL -1 0 X 0 0
13 1 WALL -1 0 X 0 0
14 1 WALL -1 0 X 0 0
16 1 WALL -1 0 X 0 0
1 2 ROOT 0 1 N 0 1
8 2 WALL -1 0 X 0 0
9 2 WALL -1 0 X 0 0
16 2 ROOT 1 2 N 0 2
0 3 A -1 0 X 0 0
7 3 B -1 0 X 0 0
8 3 D -1 0 X 0 0
9 3 D -1 0 X 0 0
10 3 B -1 0 X 0 0
17 3 A -1 0 X 0 0
4 4 WALL -1 0 X 0 0
7 4 A -1 0 X 0 0
10 4 A -1 0 X 0 0
13 4 WALL -1 0 X 0 0
0 5 WALL -1 0 X 0 0
5 5 B -1 0 X 0 0
6 5 A -1 0 X 0 0
8 5 C -1 0 X 0 0
9 5 C -1 0 X 0 0
11 5 A -1 0 X 0 0
12 5 B -1 0 X 0 0
17 5 WALL -1 0 X 0 0
1 6 B -1 0 X 0 0
6 6 B -1 0 X 0 0
11 6 B -1 0 X 0 0
16 6 B -1 0 X 0 0
4 7 D -1 0 X 0 0
5 7 D -1 0 X 0 0
8 7 WALL -1 0 X 0 0
9 7 WALL -1 0 X 0 0
12 7 D -1 0 X 0 0
13 7 D -1 0 X 0 0
3 8 D -1 0 X 0 0
14 8 D -1 0 X 0 0
3 8 8 6
3 8 8 6
1
