18 9
52
0 0 D -1 0 X 0 0
2 0 WALL -1 0 X 0 0
5 0 C -1 0 X 0 0
11 0 WALL -1 0 X 0 0
14 0 B -1 0 X 0 0
2 1 ROOT 1 1 N 0 1
3 1 A -1 0 X 0 0
7 1 WALL -1 0 X 0 0
12 1 C -1 0 X 0 0
14 1 B -1 0 X 0 0
15 1 D -1 0 X 0 0
4 2 C -1 0 X 0 0
8 2 WALL -1 0 X 0 0
10 2 D -1 0 X 0 0
11 2 WALL -1 0 X 0 0
12 2 B -1 0 X 0 0
14 2 WALL -1 0 X 0 0
15 2 B -1 0 X 0 0
0 3 WALL -1 0 X 0 0
7 3 C -1 0 X 0 0
9 3 WALL -1 0 X 0 0
11 3 WALL -1 0 X 0 0
12 3 A -1 0 X 0 0
13 3 A -1 0 X 0 0
14 3 WALL -1 0 X 0 0
2 4 A -1 0 X 0 0
15 4 A -1 0 X 0 0
3 5 WALL -1 0 X 0 0
4 5 A -1 0 X 0 0
5 5 A -1 0 X 0 0
6 5 WALL -1 0 X 0 0
8 5 WALL -1 0 X 0 0
10 5 C -1 0 X 0 0
17 5 WALL -1 0 X 0 0
2 6 B -1 0 X 0 0
3 6 WALL -1 0 X 0 0
5 6 B -1 0 X 0 0
6 6 WALL -1 0 X 0 0
7 6 D -1 0 X 0 0
9 6 WALL -1 0 X 0 0
13 6 C -1 0 X 0 0
2 7 D -1 0 X 0 0
3 7 B -1 0 X 0 0
5 7 C -1 0 X 0 0
10 7 WALL -1 0 X 0 0
14 7 A -1 0 X 0 0
15 7 ROOT 0 2 N 0 2
3 8 B -1 0 X 0 0
6 8 WALL -1 0 X 0 0
12 8 C -1 0 X 0 0
15 8 WALL -1 0 X 0 0
17 8 D -1 0 X 0 0
4 8 10 6
4 8 10 6
1
