16 8
30
1 0 D -1 0 X 0 0
2 0 WALL -1 0 X 0 0
3 0 ROOT 1 1 N 0 1
4 0 WALL -1 0 X 0 0
10 0 WALL -1 0 X 0 0
12 0 D -1 0 X 0 0
1 1 B -1 0 X 0 0
3 1 B -1 0 X 0 0
5 1 WALL -1 0 X 0 0
1 2 A -1 0 X 0 0
3 2 C -1 0 X 0 0
13 2 C -1 0 X 0 0
14 2 WALL -1 0 X 0 0
3 3 WALL -1 0 X 0 0
12 3 A -1 0 X 0 0
3 4 A -1 0 X 0 0
12 4 WALL -1 0 X 0 0
1 5 WALL -1 0 X 0 0
2 5 C -1 0 X 0 0
12 5 C -1 0 X 0 0
14 5 A -1 0 X 0 0
10 6 WALL -1 0 X 0 0
12 6 B -1 0 X 0 0
14 6 B -1 0 X 0 0
3 7 D -1 0 X 0 0
5 7 WALL -1 0 X 0 0
11 7 WALL -1 0 X 0 0
12 7 ROOT 0 2 N 0 2
13 7 WALL -1 0 X 0 0
14 7 D -1 0 X 0 0
7 3 7 8
7 3 7 8
1
