16 8
28
0 0 C -1 0 X 0 0
13 0 D -1 0 X 0 0
14 0 B -1 0 X 0 0
2 1 ROOT 0 1 N 0 1
5 1 A -1 0 X 0 0
8 1 D -1 0 X 0 0
9 1 WALL -1 0 X 0 0
12 1 WALL -1 0 X 0 0
15 1 C -1 0 X 0 0
0 2 B -1 0 X 0 0
13 2 WALL -1 0 X 0 0
4 3 WALL -1 0 X 0 0
13 3 WALL -1 0 X 0 0
14 3 A -1 0 X 0 0
1 4 A -1 0 X 0 0
2 4 WALL -1 0 X 0 0
11 4 WALL -1 0 X 0 0
2 5 WALL -1 0 X 0 0
15 5 B -1 0 X 0 0
0 6 C -1 0 X 0 0
3 6 WALL -1 0 X 0 0
6 6 WALL -1 0 X 0 0
7 6 D -1 0 X 0 0
10 6 A -1 0 X 0 0
13 6 ROOT 1 2 N 0 2
1 7 B -1 0 X 0 0
2 7 D -1 0 X 0 0
15 7 C -1 0 X 0 0
6 7 6 7
6 7 6 7
1
