20 10
60
2 0 ROOT 1 1 N 0 1
3 0 C -1 0 X 0 0
8 0 A -1 0 X 0 0
10 0 D -1 0 X 0 0
13 0 B -1 0 X 0 0
15 0 A -1 0 X 0 0
16 0 B -1 0 X 0 0
19 0 D -1 0 X 0 0
0 1 D -1 0 X 0 0
1 1 A -1 0 X 0 0
10 1 WALL -1 0 X 0 0
14 1 D -1 0 X 0 0
1 2 C -1 0 X 0 0
5 2 C -1 0 X 0 0
6 2 A -1 0 X 0 0
10 2 B -1 0 X 0 0
11 2 C -1 0 X 0 0
14 2 A -1 0 X 0 0
15 2 A -1 0 X 0 0
17 2 A -1 0 X 0 0
2 3 D -1 0 X 0 0
6 3 A -1 0 X 0 0
11 3 WALL -1 0 X 0 0
12 3 WALL -1 0 X 0 0
14 3 C -1 0 X 0 0
1 4 D -1 0 X 0 0
7 4 WALL -1 0 X 0 0
15 4 B -1 0 X 0 0
18 4 C -1 0 X 0 0
19 4 D -1 0 X 0 0
0 5 D -1 0 X 0 0
1 5 C -1 0 X 0 0
4 5 B -1 0 X 0 0
12 5 WALL -1 0 X 0 0
18 5 D -1 0 X 0 0
5 6 C -1 0 X 0 0
7 6 WALL -1 0 X 0 0
8 6 WALL -1 0 X 0 0
13 6 A -1 0 X 0 0
17 6 D -1 0 X 0 0
2 7 A -1 0 X 0 0
4 7 A -1 0 X 0 0
5 7 A -1 0 X 0 0
8 7 C -1 0 X 0 0
9 7 B -1 0 X 0 0
13 7 A -1 0 X 0 0
14 7 C -1 0 X 0 0
18 7 C -1 0 X 0 0
5 8 D -1 0 X 0 0
9 8 WALL -1 0 X 0 0
18 8 A -1 0 X 0 0
19 8 D -1 0 X 0 0
0 9 D -1 0 X 0 0
3 9 B -1 0 X 0 0
4 9 A -1 0 X 0 0
6 9 B -1 0 X 0 0
9 9 D -1 0 X 0 0
11 9 A -1 0 X 0 0
16 9 C -1 0 X 0 0
17 9 ROOT 0 2 N 0 2
5 3 9 10
5 3 9 10
1
