16 8
30
0 0 ROOT 1 1 N 0 1
3 0 B -1 0 X 0 0
4 0 D -1 0 X 0 0
7 0 C -1 0 X 0 0
8 0 C -1 0 X 0 0
11 0 D -1 0 X 0 0
12 0 B -1 0 X 0 0
15 0 ROOT 0 2 N 0 2
1 1 A -1 0 X 0 0
4 1 A -1 0 X 0 0
11 1 A -1 0 X 0 0
14 1 A -1 0 X 0 0
1 2 A -1 0 X 0 0
14 2 A -1 0 X 0 0
7 3 WALL -1 0 X 0 0
8 3 WALL -1 0 X 0 0
4 4 C -1 0 X 0 0
11 4 C -1 0 X 0 0
5 5 B -1 0 X 0 0
10 5 B -1 0 X 0 0
1 6 D -1 0 X 0 0
2 6 D -1 0 X 0 0
6 6 A -1 0 X 0 0
9 6 A -1 0 X 0 0
13 6 D -1 0 X 0 0
14 6 D -1 0 X 0 0
1 7 C -1 0 X 0 0
5 7 B -1 0 X 0 0
10 7 B -1 0 X 0 0
14 7 C -1 0 X 0 0
3 4 10 6
3 4 10 6
1
