20 10
44
0 0 B -1 0 X 0 0
5 0 B -1 0 X 0 0
9 0 A -1 0 X 0 0
11 0 A -1 0 X 0 0
18 0 A -1 0 X 0 0
3 1 C -1 0 X 0 0
17 1 D -1 0 X 0 0
3 2 A -1 0 X 0 0
4 2 D -1 0 X 0 0
5 2 D -1 0 X 0 0
8 2 C -1 0 X 0 0
9 2 B -1 0 X 0 0
13 2 A -1 0 X 0 0
15 2 C -1 0 X 0 0
19 2 WALL -1 0 X 0 0
3 3 ROOT 0 1 N 0 1
4 3 D -1 0 X 0 0
5 3 WALL -1 0 X 0 0
16 3 C -1 0 X 0 0
6 4 D -1 0 X 0 0
9 4 A -1 0 X 0 0
17 4 B -1 0 X 0 0
2 5 B -1 0 X 0 0
10 5 A -1 0 X 0 0
13 5 D -1 0 X 0 0
3 6 C -1 0 X 0 0
14 6 WALL -1 0 X 0 0
15 6 D -1 0 X 0 0
16 6 ROOT 1 2 N 0 2
0 7 WALL -1 0 X 0 0
4 7 C -1 0 X 0 0
6 7 A -1 0 X 0 0
10 7 B -1 0 X 0 0
11 7 C -1 0 X 0 0
14 7 D -1 0 X 0 0
15 7 D -1 0 X 0 0
16 7 A -1 0 X 0 0
2 8 D -1 0 X 0 0
16 8 C -1 0 X 0 0
1 9 A -1 0 X 0 0
8 9 A -1 0 X 0 0
10 9 A -1 0 X 0 0
14 9 B -1 0 X 0 0
19 9 B -1 0 X 0 0
7 3 3 6
7 3 3 6
1
