22 11
30
11 0 WALL -1 0 X 0 0
12 1 A -1 0 X 0 0
14 1 B -1 0 X 0 0
18 1 D -1 0 X 0 0
19 1 WALL -1 0 X 0 0
2 2 ROOT 1 1 N 0 1
7 2 C -1 0 X 0 0
13 2 C -1 0 X 0 0
19 2 WALL -1 0 X 0 0
21 2 B -1 0 X 0 0
4 3 A -1 0 X 0 0
15 3 WALL -1 0 X 0 0
15 4 WALL -1 0 X 0 0
6 5 D -1 0 X 0 0
8 5 WALL -1 0 X 0 0
13 5 WALL -1 0 X 0 0
15 5 D -1 0 X 0 0
6 6 WALL -1 0 X 0 0
6 7 WALL -1 0 X 0 0
17 7 A -1 0 X 0 0
0 8 B -1 0 X 0 0
2 8 WALL -1 0 X 0 0
8 8 C -1 0 X 0 0
14 8 C -1 0 X 0 0
19 8 ROOT 0 2 N 0 2
2 9 WALL -1 0 X 0 0
3 9 D -1 0 X 0 0
7 9 B -1 0 X 0 0
9 9 A -1 0 X 0 0
10 10 WALL -1 0 X 0 0
6 10 10 4
6 10 10 4
1
