22 11
84
1 0 WALL -1 0 X 0 0
10 0 WALL -1 0 X 0 0
12 0 B -1 0 X 0 0
14 0 B -1 0 X 0 0
17 0 B -1 0 X 0 0
19 0 B -1 0 X 0 0
21 0 B -1 0 X 0 0
4 1 WALL -1 0 X 0 0
7 1 WALL -1 0 X 0 0
9 1 WALL -1 0 X 0 0
10 1 A -1 0 X 0 0
13 1 C -1 0 X 0 0
17 1 A -1 0 X 0 0
0 2 ROOT 0 1 N 0 1
1 2 WALL -1 0 X 0 0
3 2 D -1 0 X 0 0
5 2 C -1 0 X 0 0
8 2 C -1 0 X 0 0
14 2 B -1 0 X 0 0
20 2 WALL -1 0 X 0 0
0 3 B -1 0 X 0 0
6 3 A -1 0 X 0 0
8 3 D -1 0 X 0 0
10 3 C -1 0 X 0 0
11 3 WALL -1 0 X 0 0
19 3 D -1 0 X 0 0
20 3 D -1 0 X 0 0
21 3 WALL -1 0 X 0 0
4 4 A -1 0 X 0 0
5 4 D -1 0 X 0 0
15 4 WALL -1 0 X 0 0
16 4 A -1 0 X 0 0
17 4 A -1 0 X 0 0
19 4 C -1 0 X 0 0
21 4 WALL -1 0 X 0 0
2 5 A -1 0 X 0 0
3 5 WALL -1 0 X 0 0
4 5 D -1 0 X 0 0
5 5 WALL -1 0 X 0 0
7 5 C -1 0 X 0 0
8 5 A -1 0 X 0 0
9 5 B -1 0 X 0 0
12 5 B -1 0 X 0 0
13 5 A -1 0 X 0 0
14 5 C -1 0 X 0 0
16 5 WALL -1 0 X 0 0
17 5 D -1 0 X 0 0
18 5 WALL -1 0 X 0 0
19 5 A -1 0 X 0 0
0 6 WALL -1 0 X 0 0
2 6 C -1 0 X 0 0
4 6 A -1 0 X 0 0
5 6 A -1 0 X 0 0
6 6 WALL -1 0 X 0 0
16 6 D -1 0 X 0 0
17 6 A -1 0 X 0 0
0 7 WALL -1 0 X 0 0
1 7 D -1 0 X 0 0
2 7 D -1 0 X 0 0
10 7 WALL -1 0 X 0 0
11 7 C -1 0 X 0 0
13 7 D -1 0 X 0 0
15 7 A -1 0 X 0 0
21 7 B -1 0 X 0 0
1 8 WALL -1 0 X 0 0
7 8 B -1 0 X 0 0
13 8 C -1 0 X 0 0
16 8 C -1 0 X 0 0
18 8 D -1 0 X 0 0
20 8 WALL -1 0 X 0 0
21 8 ROOT 1 2 N 0 2
4 9 A -1 0 X 0 0
8 9 C -1 0 X 0 0
11 9 A -1 0 X 0 0
12 9 WALL -1 0 X 0 0
14 9 WALL -1 0 X 0 0
17 9 WALL -1 0 X 0 0
0 10 B -1 0 X 0 0
2 10 B -1 0 X 0 0
4 10 B -1 0 X 0 0
7 10 B -1 0 X 0 0
9 10 B -1 0 X 0 0
11 10 WALL -1 0 X 0 0
20 10 WALL -1 0 X 0 0
5 9 7 7
5 9 7 7
1
