20 10
50
0 0 C -1 0 X 0 0
7 0 C -1 0 X 0 0
12 0 B -1 0 X 0 0
14 0 D -1 0 X 0 0
19 0 D -1 0 X 0 0
6 1 C -1 0 X 0 0
8 1 A -1 0 X 0 0
10 1 A -1 0 X 0 0
18 1 A -1 0 X 0 0
19 1 B -1 0 X 0 0
0 2 ROOT 0 1 N 0 1
4 2 B -1 0 X 0 0
5 2 B -1 0 X 0 0
8 2 C -1 0 X 0 0
12 2 B -1 0 X 0 0
14 2 A -1 0 X 0 0
19 2 C -1 0 X 0 0
2 3 A -1 0 X 0 0
14 3 D -1 0 X 0 0
15 3 WALL -1 0 X 0 0
18 3 D -1 0 X 0 0
5 4 D -1 0 X 0 0
8 4 A -1 0 X 0 0
13 4 A -1 0 X 0 0
16 4 B -1 0 X 0 0
3 5 B -1 0 X 0 0
6 5 A -1 0 X 0 0
11 5 A -1 0 X 0 0
14 5 D -1 0 X 0 0
1 6 D -1 0 X 0 0
4 6 WALL -1 0 X 0 0
5 6 D -1 0 X 0 0
17 6 A -1 0 X 0 0
0 7 C -1 0 X 0 0
5 7 A -1 0 X 0 0
7 7 B -1 0 X 0 0
11 7 C -1 0 X 0 0
14 7 B -1 0 X 0 0
15 7 B -1 0 X 0 0
19 7 ROOT 1 2 N 0 2
0 8 B -1 0 X 0 0
1 8 A -1 0 X 0 0
9 8 A -1 0 X 0 0
11 8 A -1 0 X 0 0
13 8 C -1 0 X 0 0
0 9 D -1 0 X 0 0
5 9 D -1 0 X 0 0
7 9 B -1 0 X 0 0
12 9 C -1 0 X 0 0
19 9 C -1 0 X 0 0
4 9 9 6
4 9 9 6
1
