20 10
54
3 0 ROOT 0 1 N 0 1
6 0 WALL -1 0 X 0 0
10 0 WALL -1 0 X 0 0
14 0 WALL -1 0 X 0 0
16 0 WALL -1 0 X 0 0
19 0 WALL -1 0 X 0 0
4 1 A -1 0 X 0 0
5 1 WALL -1 0 X 0 0
17 1 A -1 0 X 0 0
18 1 WALL -1 0 X 0 0
19 1 C -1 0 X 0 0
1 2 WALL -1 0 X 0 0
2 2 C -1 0 X 0 0
7 2 D -1 0 X 0 0
8 2 D -1 0 X 0 0
10 2 B -1 0 X 0 0
16 2 B -1 0 X 0 0
18 2 D -1 0 X 0 0
19 2 B -1 0 X 0 0
1 3 C -1 0 X 0 0
8 3 A -1 0 X 0 0
11 3 D -1 0 X 0 0
12 3 C -1 0 X 0 0
1 4 A -1 0 X 0 0
8 4 B -1 0 X 0 0
18 4 WALL -1 0 X 0 0
19 4 A -1 0 X 0 0
0 5 A -1 0 X 0 0
1 5 WALL -1 0 X 0 0
11 5 B -1 0 X 0 0
18 5 A -1 0 X 0 0
7 6 C -1 0 X 0 0
8 6 D -1 0 X 0 0
11 6 A -1 0 X 0 0
18 6 C -1 0 X 0 0
0 7 B -1 0 X 0 0
1 7 D -1 0 X 0 0
3 7 B -1 0 X 0 0
9 7 B -1 0 X 0 0
11 7 D -1 0 X 0 0
12 7 D -1 0 X 0 0
17 7 C -1 0 X 0 0
18 7 WALL -1 0 X 0 0
0 8 C -1 0 X 0 0
1 8 WALL -1 0 X 0 0
2 8 A -1 0 X 0 0
14 8 WALL -1 0 X 0 0
15 8 A -1 0 X 0 0
0 9 WALL -1 0 X 0 0
3 9 WALL -1 0 X 0 0
5 9 WALL -1 0 X 0 0
9 9 WALL -1 0 X 0 0
13 9 WALL -1 0 X 0 0
16 9 ROOT 1 2 N 0 2
5 9 8 10
5 9 8 10
1
