24 12
32
11 0 A -1 0 X 0 0
14 0 B -1 0 X 0 0
19 0 B -1 0 X 0 0
21 0 C -1 0 X 0 0
4 1 A -1 0 X 0 0
20 1 D -1 0 X 0 0
2 2 ROOT 1 1 N 0 1
14 2 A -1 0 X 0 0
0 3 C -1 0 X 0 0
1 3 A -1 0 X 0 0
3 3 WALL -1 0 X 0 0
7 3 C -1 0 X 0 0
20 3 D -1 0 X 0 0
4 4 D -1 0 X 0 0
11 5 WALL -1 0 X 0 0
20 5 B -1 0 X 0 0
3 6 B -1 0 X 0 0
12 6 WALL -1 0 X 0 0
19 7 D -1 0 X 0 0
3 8 D -1 0 X 0 0
16 8 C -1 0 X 0 0
20 8 WALL -1 0 X 0 0
22 8 A -1 0 X 0 0
23 8 C -1 0 X 0 0
9 9 A -1 0 X 0 0
21 9 ROOT 0 2 N 0 2
3 10 D -1 0 X 0 0
19 10 A -1 0 X 0 0
2 11 C -1 0 X 0 0
4 11 B -1 0 X 0 0
9 11 B -1 0 X 0 0
12 11 A -1 0 X 0 0
4 6 10 7
4 6 10 7
1
