20 10
54
2 0 ROOT 1 1 N 0 1
3 0 B -1 0 X 0 0
10 0 C -1 0 X 0 0
14 0 C -1 0 X 0 0
15 0 WALL -1 0 X 0 0
3 1 B -1 0 X 0 0
5 1 D -1 0 X 0 0
12 1 C -1 0 X 0 0
17 1 D -1 0 X 0 0
19 1 A -1 0 X 0 0
15 2 A -1 0 X 0 0
18 2 B -1 0 X 0 0
19 2 C -1 0 X 0 0
6 3 B -1 0 X 0 0
7 3 D -1 0 X 0 0
8 3 WALL -1 0 X 0 0
16 3 C -1 0 X 0 0
17 3 A -1 0 X 0 0
18 3 WALL -1 0 X 0 0
1 4 B -1 0 X 0 0
4 4 A -1 0 X 0 0
5 4 D -1 0 X 0 0
7 4 D -1 0 X 0 0
9 4 A -1 0 X 0 0
10 4 B -1 0 X 0 0
12 4 A -1 0 X 0 0
13 4 C -1 0 X 0 0
6 5 C -1 0 X 0 0
7 5 A -1 0 X 0 0
9 5 B -1 0 X 0 0
10 5 A -1 0 X 0 0
12 5 D -1 0 X 0 0
14 5 D -1 0 X 0 0
15 5 A -1 0 X 0 0
18 5 B -1 0 X 0 0
1 6 WALL -1 0 X 0 0
2 6 A -1 0 X 0 0
3 6 C -1 0 X 0 0
11 6 WALL -1 0 X 0 0
12 6 D -1 0 X 0 0
13 6 B -1 0 X 0 0
0 7 C -1 0 X 0 0
1 7 B -1 0 X 0 0
4 7 A -1 0 X 0 0
0 8 A -1 0 X 0 0
2 8 D -1 0 X 0 0
7 8 C -1 0 X 0 0
14 8 D -1 0 X 0 0
16 8 B -1 0 X 0 0
4 9 WALL -1 0 X 0 0
5 9 C -1 0 X 0 0
9 9 C -1 0 X 0 0
16 9 B -1 0 X 0 0
17 9 ROOT 0 2 N 0 2
10 4 6 3
10 4 6 3
1
