24 12
48
2 0 A -1 0 X 0 0
12 0 D -1 0 X 0 0
17 0 A -1 0 X 0 0
20 0 D -1 0 X 0 0
1 1 C -1 0 X 0 0
3 1 C -1 0 X 0 0
12 1 B -1 0 X 0 0
22 1 D -1 0 X 0 0
1 2 ROOT 0 1 N 0 1
3 2 C -1 0 X 0 0
11 2 B -1 0 X 0 0
3 3 WALL -1 0 X 0 0
6 3 A -1 0 X 0 0
13 3 A -1 0 X 0 0
15 3 D -1 0 X 0 0
21 3 C -1 0 X 0 0
16 4 C -1 0 X 0 0
18 4 B -1 0 X 0 0
21 4 A -1 0 X 0 0
4 5 B -1 0 X 0 0
7 5 C -1 0 X 0 0
9 5 B -1 0 X 0 0
18 5 B -1 0 X 0 0
19 5 D -1 0 X 0 0
4 6 D -1 0 X 0 0
5 6 B -1 0 X 0 0
14 6 B -1 0 X 0 0
16 6 C -1 0 X 0 0
19 6 B -1 0 X 0 0
2 7 A -1 0 X 0 0
5 7 B -1 0 X 0 0
7 7 C -1 0 X 0 0
2 8 C -1 0 X 0 0
8 8 D -1 0 X 0 0
10 8 A -1 0 X 0 0
17 8 A -1 0 X 0 0
20 8 WALL -1 0 X 0 0
12 9 B -1 0 X 0 0
20 9 C -1 0 X 0 0
22 9 ROOT 1 2 N 0 2
1 10 D -1 0 X 0 0
11 10 B -1 0 X 0 0
20 10 C -1 0 X 0 0
22 10 C -1 0 X 0 0
3 11 D -1 0 X 0 0
6 11 A -1 0 X 0 0
11 11 D -1 0 X 0 0
21 11 A -1 0 X 0 0
7 6 8 9
7 6 8 9
1
