22 11
32
9 0 D -1 0 X 0 0
12 0 D -1 0 X 0 0
0 1 ROOT 0 1 N 0 1
4 1 C -1 0 X 0 0
17 1 C -1 0 X 0 0
21 1 ROOT 1 2 N 0 2
0 2 A -1 0 X 0 0
21 2 A -1 0 X 0 0
2 3 B -1 0 X 0 0
19 3 B -1 0 X 0 0
1 4 A -1 0 X 0 0
3 4 C -1 0 X 0 0
8 4 A -1 0 X 0 0
13 4 A -1 0 X 0 0
18 4 C -1 0 X 0 0
20 4 A -1 0 X 0 0
3 5 A -1 0 X 0 0
7 5 C -1 0 X 0 0
14 5 C -1 0 X 0 0
18 5 A -1 0 X 0 0
5 6 WALL -1 0 X 0 0
16 6 WALL -1 0 X 0 0
1 7 B -1 0 X 0 0
20 7 B -1 0 X 0 0
0 8 B -1 0 X 0 0
1 8 B -1 0 X 0 0
20 8 B -1 0 X 0 0
21 8 B -1 0 X 0 0
9 9 D -1 0 X 0 0
12 9 D -1 0 X 0 0
6 10 D -1 0 X 0 0
15 10 D -1 0 X 0 0
4 6 7 10
4 6 7 10
1
