22 11
62
3 0 A -1 0 X 0 0
5 0 WALL -1 0 X 0 0
6 0 A -1 0 X 0 0
9 0 C -1 0 X 0 0
18 0 A -1 0 X 0 0
19 0 B -1 0 X 0 0
0 1 B -1 0 X 0 0
1 1 ROOT 1 1 N 0 1
9 1 C -1 0 X 0 0
14 1 WALL -1 0 X 0 0
16 1 D -1 0 X 0 0
20 1 C -1 0 X 0 0
1 2 D -1 0 X 0 0
11 2 D -1 0 X 0 0
12 2 D -1 0 X 0 0
17 2 D -1 0 X 0 0
19 2 C -1 0 X 0 0
20 2 D -1 0 X 0 0
3 3 B -1 0 X 0 0
4 3 A -1 0 X 0 0
6 3 B -1 0 X 0 0
12 3 A -1 0 X 0 0
14 3 WALL -1 0 X 0 0
19 3 C -1 0 X 0 0
0 4 A -1 0 X 0 0
1 4 B -1 0 X 0 0
4 4 WALL -1 0 X 0 0
12 4 C -1 0 X 0 0
1 5 WALL -1 0 X 0 0
2 5 A -1 0 X 0 0
7 5 B -1 0 X 0 0
14 5 B -1 0 X 0 0
19 5 A -1 0 X 0 0
20 5 WALL -1 0 X 0 0
9 6 C -1 0 X 0 0
17 6 WALL -1 0 X 0 0
20 6 B -1 0 X 0 0
21 6 A -1 0 X 0 0
2 7 C -1 0 X 0 0
7 7 WALL -1 0 X 0 0
9 7 A -1 0 X 0 0
15 7 B -1 0 X 0 0
17 7 A -1 0 X 0 0
18 7 B -1 0 X 0 0
1 8 D -1 0 X 0 0
2 8 C -1 0 X 0 0
4 8 D -1 0 X 0 0
9 8 D -1 0 X 0 0
10 8 D -1 0 X 0 0
20 8 D -1 0 X 0 0
1 9 C -1 0 X 0 0
5 9 D -1 0 X 0 0
7 9 WALL -1 0 X 0 0
12 9 C -1 0 X 0 0
20 9 ROOT 0 2 N 0 2
21 9 B -1 0 X 0 0
2 10 B -1 0 X 0 0
3 10 A -1 0 X 0 0
12 10 C -1 0 X 0 0
15 10 A -1 0 X 0 0
16 10 WALL -1 0 X 0 0
18 10 A -1 0 X 0 0
7 7 3 3
7 7 3 3
1
