20 10
42
5 0 WALL -1 0 X 0 0
19 0 WALL -1 0 X 0 0
2 1 ROOT 1 1 N 0 1
6 1 C -1 0 X 0 0
9 1 WALL -1 0 X 0 0
11 1 D -1 0 X 0 0
13 1 B -1 0 X 0 0
17 1 WALL -1 0 X 0 0
10 2 C -1 0 X 0 0
12 2 D -1 0 X 0 0
14 2 WALL -1 0 X 0 0
19 2 A -1 0 X 0 0
4 3 A -1 0 X 0 0
11 3 WALL -1 0 X 0 0
13 3 B -1 0 X 0 0
15 3 A -1 0 X 0 0
16 3 B -1 0 X 0 0
8 4 B -1 0 X 0 0
10 4 C -1 0 X 0 0
14 4 A -1 0 X 0 0
19 4 D -1 0 X 0 0
0 5 D -1 0 X 0 0
5 5 A -1 0 X 0 0
9 5 C -1 0 X 0 0
11 5 B -1 0 X 0 0
3 6 B -1 0 X 0 0
4 6 A -1 0 X 0 0
6 6 B -1 0 X 0 0
8 6 WALL -1 0 X 0 0
15 6 A -1 0 X 0 0
0 7 A -1 0 X 0 0
5 7 WALL -1 0 X 0 0
7 7 D -1 0 X 0 0
9 7 C -1 0 X 0 0
2 8 WALL -1 0 X 0 0
6 8 B -1 0 X 0 0
8 8 D -1 0 X 0 0
10 8 WALL -1 0 X 0 0
13 8 C -1 0 X 0 0
17 8 ROOT 0 2 N 0 2
0 9 WALL -1 0 X 0 0
14 9 WALL -1 0 X 0 0
3 5 4 8
3 5 4 8
1
