18 9
30
12 0 B -1 0 X 0 0
14 0 B -1 0 X 0 0
17 0 WALL -1 0 X 0 0
4 1 C -1 0 X 0 0
6 1 C -1 0 X 0 0
3 2 A -1 0 X 0 0
0 3 WALL -1 0 X 0 0
3 3 ROOT 0 1 N 0 1
5 3 A -1 0 X 0 0
7 3 D -1 0 X 0 0
8 3 WALL -1 0 X 0 0
13 3 D -1 0 X 0 0
15 3 B -1 0 X 0 0
3 4 A -1 0 X 0 0
4 4 WALL -1 0 X 0 0
13 4 WALL -1 0 X 0 0
14 4 A -1 0 X 0 0
2 5 B -1 0 X 0 0
4 5 D -1 0 X 0 0
9 5 WALL -1 0 X 0 0
10 5 D -1 0 X 0 0
12 5 A -1 0 X 0 0
14 5 ROOT 1 2 N 0 2
17 5 WALL -1 0 X 0 0
14 6 A -1 0 X 0 0
11 7 C -1 0 X 0 0
13 7 C -1 0 X 0 0
0 8 WALL -1 0 X 0 0
3 8 B -1 0 X 0 0
5 8 B -1 0 X 0 0
8 10 6 10
8 10 6 10
1
