16 8
28
2 0 ROOT 0 1 N 0 1
10 0 A -1 0 X 0 0
12 0 D -1 0 X 0 0
0 1 WALL -1 0 X 0 0
4 1 D -1 0 X 0 0
8 1 WALL -1 0 X 0 0
9 1 C -1 0 X 0 0
10 1 WALL -1 0 X 0 0
11 1 WALL -1 0 X 0 0
13 1 C -1 0 X 0 0
15 1 B -1 0 X 0 0
0 2 A -1 0 X 0 0
8 2 B -1 0 X 0 0
15 2 WALL -1 0 X 0 0
0 5 WALL -1 0 X 0 0
7 5 B -1 0 X 0 0
15 5 A -1 0 X 0 0
0 6 B -1 0 X 0 0
2 6 C -1 0 X 0 0
4 6 WALL -1 0 X 0 0
5 6 WALL -1 0 X 0 0
6 6 C -1 0 X 0 0
7 6 WALL -1 0 X 0 0
11 6 D -1 0 X 0 0
15 6 WALL -1 0 X 0 0
3 7 D -1 0 X 0 0
5 7 A -1 0 X 0 0
13 7 ROOT 1 2 N 0 2
8 9 9 9
8 9 9 9
1
