16 8
38
0 0 B -1 0 X 0 0
1 0 WALL -1 0 X 0 0
10 0 D -1 0 X 0 0
15 0 WALL -1 0 X 0 0
1 1 WALL -1 0 X 0 0
2 1 WALL -1 0 X 0 0
3 1 A -1 0 X 0 0
6 1 B -1 0 X 0 0
7 1 D -1 0 X 0 0
10 1 WALL -1 0 X 0 0
0 2 ROOT 1 1 N 0 1
13 2 A -1 0 X 0 0
1 3 C -1 0 X 0 0
5 3 C -1 0 X 0 0
8 3 WALL -1 0 X 0 0
9 3 D -1 0 X 0 0
12 3 B -1 0 X 0 0
13 3 C -1 0 X 0 0
14 3 A -1 0 X 0 0
1 4 A -1 0 X 0 0
2 4 C -1 0 X 0 0
3 4 B -1 0 X 0 0
6 4 D -1 0 X 0 0
7 4 WALL -1 0 X 0 0
10 4 C -1 0 X 0 0
14 4 C -1 0 X 0 0
2 5 A -1 0 X 0 0
15 5 ROOT 0 2 N 0 2
5 6 WALL -1 0 X 0 0
8 6 D -1 0 X 0 0
9 6 B -1 0 X 0 0
12 6 A -1 0 X 0 0
13 6 WALL -1 0 X 0 0
14 6 WALL -1 0 X 0 0
0 7 WALL -1 0 X 0 0
5 7 D -1 0 X 0 0
14 7 WALL -1 0 X 0 0
15 7 B -1 0 X 0 0
10 6 7 4
10 6 7 4
1
