22 11
28
5 0 C -1 0 X 0 0
6 0 WALL -1 0 X 0 0
8 0 A -1 0 X 0 0
9 0 C -1 0 X 0 0
12 0 C -1 0 X 0 0
13 0 A -1 0 X 0 0
15 0 WALL -1 0 X 0 0
16 0 C -1 0 X 0 0
2 1 ROOT 1 1 N 0 1
4 1 WALL -1 0 X 0 0
17 1 WALL -1 0 X 0 0
19 1 ROOT 0 2 N 0 2
6 2 WALL -1 0 X 0 0
7 2 B -1 0 X 0 0
14 2 B -1 0 X 0 0
15 2 WALL -1 0 X 0 0
8 5 B -1 0 X 0 0
13 5 B -1 0 X 0 0
5 7 D -1 0 X 0 0
7 7 WALL -1 0 X 0 0
14 7 WALL -1 0 X 0 0
16 7 D -1 0 X 0 0
3 8 D -1 0 X 0 0
18 8 D -1 0 X 0 0
8 9 WALL -1 0 X 0 0
13 9 WALL -1 0 X 0 0
9 10 A -1 0 X 0 0
12 10 A -1 0 X 0 0
5 10 8 6
5 10 8 6
1
