22 11
26
2 0 D -1 0 X 0 0
8 0 WALL -1 0 X 0 0
7 1 A -1 0 X 0 0
10 1 C -1 0 X 0 0
19 1 B -1 0 X 0 0
3 2 ROOT 1 1 N 0 1
8 2 B -1 0 X 0 0
3 3 WALL -1 0 X 0 0
14 3 D -1 0 X 0 0
17 3 WALL -1 0 X 0 0
19 3 WALL -1 0 X 0 0
7 4 C -1 0 X 0 0
19 4 A -1 0 X 0 0
2 6 A -1 0 X 0 0
14 6 C -1 0 X 0 0
2 7 WALL -1 0 X 0 0
4 7 WALL -1 0 X 0 0
7 7 D -1 0 X 0 0
18 7 WALL -1 0 X 0 0
13 8 B -1 0 X 0 0
18 8 ROOT 0 2 N 0 2
2 9 B -1 0 X 0 0
11 9 C -1 0 X 0 0
14 9 A -1 0 X 0 0
13 10 WALL -1 0 X 0 0
19 10 D -1 0 X 0 0
7 8 7 6
7 8 7 6
1
