18 9
44
0 0 A -1 0 X 0 0
6 0 B -1 0 X 0 0
7 0 B -1 0 X 0 0
11 0 WALL -1 0 X 0 0
14 0 WALL -1 0 X 0 0
15 0 D -1 0 X 0 0
16 0 A -1 0 X 0 0
0 1 ROOT 0 1 N 0 1
2 1 D -1 0 X 0 0
11 1 WALL -1 0 X 0 0
0 2 C -1 0 X 0 0
3 2 C -1 0 X 0 0
10 2 B -1 0 X 0 0
13 2 A -1 0 X 0 0
16 2 C -1 0 X 0 0
1 3 D -1 0 X 0 0
5 3 D -1 0 X 0 0
7 3 C -1 0 X 0 0
8 3 B -1 0 X 0 0
12 3 D -1 0 X 0 0
13 3 B -1 0 X 0 0
5 4 A -1 0 X 0 0
12 4 A -1 0 X 0 0
4 5 B -1 0 X 0 0
5 5 D -1 0 X 0 0
9 5 B -1 0 X 0 0
10 5 C -1 0 X 0 0
12 5 D -1 0 X 0 0
16 5 D -1 0 X 0 0
1 6 C -1 0 X 0 0
4 6 A -1 0 X 0 0
7 6 B -1 0 X 0 0
14 6 C -1 0 X 0 0
17 6 C -1 0 X 0 0
6 7 WALL -1 0 X 0 0
15 7 D -1 0 X 0 0
17 7 ROOT 1 2 N 0 2
1 8 A -1 0 X 0 0
2 8 D -1 0 X 0 0
3 8 WALL -1 0 X 0 0
6 8 WALL -1 0 X 0 0
10 8 B -1 0 X 0 0
11 8 B -1 0 X 0 0
17 8 A -1 0 X 0 0
7 5 7 10
7 5 7 10
1
