16 8
26
1 0 WALL -1 0 X 0 0
2 0 D -1 0 X 0 0
6 0 B -1 0 X 0 0
9 0 B -1 0 X 0 0
13 0 D -1 0 X 0 0
14 0 WALL -1 0 X 0 0
5 1 WALL -1 0 X 0 0
10 1 WALL -1 0 X 0 0
3 3 ROOT 0 1 N 0 1
6 3 C -1 0 X 0 0
9 3 C -1 0 X 0 0
12 3 ROOT 1 2 N 0 2
6 4 A -1 0 X 0 0
7 4 WALL -1 0 X 0 0
8 4 WALL -1 0 X 0 0
9 4 A -1 0 X 0 0
3 5 C -1 0 X 0 0
5 5 A -1 0 X 0 0
10 5 A -1 0 X 0 0
12 5 C -1 0 X 0 0
0 6 D -1 0 X 0 0
7 6 WALL -1 0 X 0 0
8 6 WALL -1 0 X 0 0
15 6 D -1 0 X 0 0
1 7 B -1 0 X 0 0
14 7 B -1 0 X 0 0
8 7 10 5
8 7 10 5
1
