24 12
78
1 0 B -1 0 X 0 0
4 0 A -1 0 X 0 0
5 0 A -1 0 X 0 0
13 0 B -1 0 X 0 0
14 0 D -1 0 X 0 0
15 0 C -1 0 X 0 0
0 1 B -1 0 X 0 0
3 1 WALL -1 0 X 0 0
5 1 WALL -1 0 X 0 0
6 1 B -1 0 X 0 0
10 1 C -1 0 X 0 0
20 1 D -1 0 X 0 0
0 2 WALL -1 0 X 0 0
1 2 WALL -1 0 X 0 0
8 2 WALL -1 0 X 0 0
10 2 WALL -1 0 X 0 0
11 2 WALL -1 0 X 0 0
12 2 D -1 0 X 0 0
15 2 A -1 0 X 0 0
20 2 B -1 0 X 0 0
2 3 WALL -1 0 X 0 0
3 3 ROOT 1 1 N 0 1
8 3 C -1 0 X 0 0
10 3 A -1 0 X 0 0
21 3 WALL -1 0 X 0 0
5 4 A -1 0 X 0 0
7 4 D -1 0 X 0 0
10 4 C -1 0 X 0 0
11 4 WALL -1 0 X 0 0
14 4 C -1 0 X 0 0
16 4 WALL -1 0 X 0 0
17 4 WALL -1 0 X 0 0
18 4 WALL -1 0 X 0 0
19 4 D -1 0 X 0 0
0 5 C -1 0 X 0 0
8 5 WALL -1 0 X 0 0
18 5 WALL -1 0 X 0 0
20 5 WALL -1 0 X 0 0
21 5 B -1 0 X 0 0
2 6 B -1 0 X 0 0
3 6 WALL -1 0 X 0 0
5 6 WALL -1 0 X 0 0
15 6 WALL -1 0 X 0 0
23 6 C -1 0 X 0 0
4 7 D -1 0 X 0 0
5 7 WALL -1 0 X 0 0
6 7 WALL -1 0 X 0 0
7 7 WALL -1 0 X 0 0
9 7 C -1 0 X 0 0
12 7 WALL -1 0 X 0 0
13 7 C -1 0 X 0 0
16 7 D -1 0 X 0 0
18 7 A -1 0 X 0 0
2 8 WALL -1 0 X 0 0
13 8 A -1 0 X 0 0
15 8 C -1 0 X 0 0
20 8 ROOT 0 2 N 0 2
21 8 WALL -1 0 X 0 0
3 9 B -1 0 X 0 0
8 9 A -1 0 X 0 0
11 9 D -1 0 X 0 0
12 9 WALL -1 0 X 0 0
13 9 WALL -1 0 X 0 0
15 9 WALL -1 0 X 0 0
22 9 WALL -1 0 X 0 0
23 9 WALL -1 0 X 0 0
3 10 D -1 0 X 0 0
13 10 C -1 0 X 0 0
17 10 B -1 0 X 0 0
18 10 WALL -1 0 X 0 0
20 10 WALL -1 0 X 0 0
23 10 B -1 0 X 0 0
8 11 C -1 0 X 0 0
9 11 D -1 0 X 0 0
10 11 B -1 0 X 0 0
18 11 A -1 0 X 0 0
19 11 A -1 0 X 0 0
22 11 B -1 0 X 0 0
10 8 8 8
10 8 8 8
1
