24 12
66
14 0 A -1 0 X 0 0
19 0 A -1 0 X 0 0
20 0 WALL -1 0 X 0 0
3 1 ROOT 0 1 N 0 1
4 1 WALL -1 0 X 0 0
8 1 C -1 0 X 0 0
9 1 WALL -1 0 X 0 0
13 1 D -1 0 X 0 0
20 1 WALL -1 0 X 0 0
21 1 WALL -1 0 X 0 0
23 1 A -1 0 X 0 0
0 2 WALL -1 0 X 0 0
8 2 C -1 0 X 0 0
9 2 B -1 0 X 0 0
14 2 D -1 0 X 0 0
19 2 D -1 0 X 0 0
7 3 A -1 0 X 0 0
10 3 WALL -1 0 X 0 0
17 3 B -1 0 X 0 0
18 3 B -1 0 X 0 0
20 3 WALL -1 0 X 0 0
2 4 B -1 0 X 0 0
5 4 C -1 0 X 0 0
6 4 C -1 0 X 0 0
10 4 B -1 0 X 0 0
15 4 WALL -1 0 X 0 0
17 4 WALL -1 0 X 0 0
6 5 D -1 0 X 0 0
7 5 WALL -1 0 X 0 0
16 5 C -1 0 X 0 0
18 5 D -1 0 X 0 0
21 5 A -1 0 X 0 0
23 5 WALL -1 0 X 0 0
0 6 WALL -1 0 X 0 0
2 6 A -1 0 X 0 0
5 6 D -1 0 X 0 0
7 6 C -1 0 X 0 0
16 6 WALL -1 0 X 0 0
17 6 D -1 0 X 0 0
6 7 WALL -1 0 X 0 0
8 7 WALL -1 0 X 0 0
13 7 B -1 0 X 0 0
17 7 C -1 0 X 0 0
18 7 C -1 0 X 0 0
21 7 B -1 0 X 0 0
3 8 WALL -1 0 X 0 0
5 8 B -1 0 X 0 0
6 8 B -1 0 X 0 0
13 8 WALL -1 0 X 0 0
16 8 A -1 0 X 0 0
4 9 D -1 0 X 0 0
9 9 D -1 0 X 0 0
14 9 B -1 0 X 0 0
15 9 C -1 0 X 0 0
23 9 WALL -1 0 X 0 0
0 10 A -1 0 X 0 0
2 10 WALL -1 0 X 0 0
3 10 WALL -1 0 X 0 0
10 10 D -1 0 X 0 0
14 10 WALL -1 0 X 0 0
15 10 C -1 0 X 0 0
19 10 WALL -1 0 X 0 0
20 10 ROOT 1 2 N 0 2
3 11 WALL -1 0 X 0 0
4 11 A -1 0 X 0 0
9 11 A -1 0 X 0 0
8 10 10 4
8 10 10 4
1
