18 9
34
3 0 ROOT 0 1 N 0 1
6 0 B -1 0 X 0 0
11 0 C -1 0 X 0 0
12 0 WALL -1 0 X 0 0
14 0 B -1 0 X 0 0
17 0 C -1 0 X 0 0
5 1 C -1 0 X 0 0
9 1 D -1 0 X 0 0
1 2 D -1 0 X 0 0
6 2 A -1 0 X 0 0
0 3 A -1 0 X 0 0
6 3 WALL -1 0 X 0 0
12 3 WALL -1 0 X 0 0
13 3 D -1 0 X 0 0
17 3 A -1 0 X 0 0
2 4 WALL -1 0 X 0 0
5 4 WALL -1 0 X 0 0
12 4 WALL -1 0 X 0 0
15 4 WALL -1 0 X 0 0
0 5 A -1 0 X 0 0
4 5 D -1 0 X 0 0
5 5 WALL -1 0 X 0 0
11 5 WALL -1 0 X 0 0
17 5 A -1 0 X 0 0
11 6 A -1 0 X 0 0
16 6 D -1 0 X 0 0
8 7 D -1 0 X 0 0
12 7 C -1 0 X 0 0
0 8 C -1 0 X 0 0
3 8 B -1 0 X 0 0
5 8 WALL -1 0 X 0 0
6 8 C -1 0 X 0 0
11 8 B -1 0 X 0 0
14 8 ROOT 1 2 N 0 2
8 8 7 8
8 8 7 8
1
