18 9
28
0 0 B -1 0 X 0 0
1 0 B -1 0 X 0 0
3 0 A -1 0 X 0 0
4 0 B -1 0 X 0 0
13 0 D -1 0 X 0 0
12 1 D -1 0 X 0 0
16 1 A -1 0 X 0 0
6 2 C -1 0 X 0 0
12 2 D -1 0 X 0 0
13 2 C -1 0 X 0 0
0 3 ROOT 0 1 N 0 1
9 3 C -1 0 X 0 0
12 3 A -1 0 X 0 0
15 3 A -1 0 X 0 0
2 5 A -1 0 X 0 0
5 5 A -1 0 X 0 0
8 5 C -1 0 X 0 0
17 5 ROOT 1 2 N 0 2
4 6 C -1 0 X 0 0
5 6 D -1 0 X 0 0
11 6 C -1 0 X 0 0
1 7 A -1 0 X 0 0
5 7 D -1 0 X 0 0
4 8 D -1 0 X 0 0
13 8 B -1 0 X 0 0
14 8 A -1 0 X 0 0
16 8 B -1 0 X 0 0
17 8 B -1 0 X 0 0
8 8 7 5
8 8 7 5
1
