18 9
60
3 0 A -1 0 X 0 0
6 0 WALL -1 0 X 0 0
7 0 C -1 0 X 0 0
13 0 C -1 0 X 0 0
17 0 WALL -1 0 X 0 0
1 1 WALL -1 0 X 0 0
3 1 C -1 0 X 0 0
7 1 A -1 0 X 0 0
8 1 A -1 0 X 0 0
12 1 B -1 0 X 0 0
13 1 WALL -1 0 X 0 0
1 2 WALL -1 0 X 0 0
2 2 ROOT 1 1 N 0 1
5 2 B -1 0 X 0 0
6 2 D -1 0 X 0 0
9 2 A -1 0 X 0 0
11 2 D -1 0 X 0 0
13 2 A -1 0 X 0 0
14 2 B -1 0 X 0 0
16 2 WALL -1 0 X 0 0
5 3 WALL -1 0 X 0 0
6 3 WALL -1 0 X 0 0
9 3 D -1 0 X 0 0
12 3 WALL -1 0 X 0 0
13 3 C -1 0 X 0 0
15 3 WALL -1 0 X 0 0
17 3 WALL -1 0 X 0 0
1 4 D -1 0 X 0 0
4 4 B -1 0 X 0 0
8 4 B -1 0 X 0 0
9 4 B -1 0 X 0 0
13 4 B -1 0 X 0 0
16 4 D -1 0 X 0 0
0 5 WALL -1 0 X 0 0
2 5 WALL -1 0 X 0 0
4 5 C -1 0 X 0 0
5 5 WALL -1 0 X 0 0
8 5 D -1 0 X 0 0
11 5 WALL -1 0 X 0 0
12 5 WALL -1 0 X 0 0
1 6 WALL -1 0 X 0 0
3 6 B -1 0 X 0 0
4 6 A -1 0 X 0 0
6 6 D -1 0 X 0 0
8 6 A -1 0 X 0 0
11 6 D -1 0 X 0 0
12 6 B -1 0 X 0 0
15 6 ROOT 0 2 N 0 2
16 6 WALL -1 0 X 0 0
4 7 WALL -1 0 X 0 0
5 7 B -1 0 X 0 0
9 7 A -1 0 X 0 0
10 7 A -1 0 X 0 0
14 7 C -1 0 X 0 0
16 7 WALL -1 0 X 0 0
0 8 WALL -1 0 X 0 0
4 8 C -1 0 X 0 0
10 8 C -1 0 X 0 0
11 8 WALL -1 0 X 0 0
14 8 A -1 0 X 0 0
6 3 8 8
6 3 8 8
1
