22 11
94
0 0 B -1 0 X 0 0
2 0 WALL -1 0 X 0 0
5 0 B -1 0 X 0 0
6 0 A -1 0 X 0 0
7 0 B -1 0 X 0 0
8 0 B -1 0 X 0 0
9 0 WALL -1 0 X 0 0
10 0 D -1 0 X 0 0
12 0 B -1 0 X 0 0
13 0 WALL -1 0 X 0 0
15 0 A -1 0 X 0 0
18 0 WALL -1 0 X 0 0
2 1 A -1 0 X 0 0
6 1 A -1 0 X 0 0
9 1 WALL -1 0 X 0 0
13 1 D -1 0 X 0 0
16 1 A -1 0 X 0 0
18 1 C -1 0 X 0 0
20 1 A -1 0 X 0 0
21 1 WALL -1 0 X 0 0
10 2 D -1 0 X 0 0
18 2 D -1 0 X 0 0
19 2 WALL -1 0 X 0 0
0 3 WALL -1 0 X 0 0
1 3 ROOT 0 1 N 0 1
9 3 B -1 0 X 0 0
10 3 WALL -1 0 X 0 0
11 3 C -1 0 X 0 0
13 3 WALL -1 0 X 0 0
18 3 C -1 0 X 0 0
19 3 WALL -1 0 X 0 0
0 4 WALL -1 0 X 0 0
2 4 C -1 0 X 0 0
6 4 WALL -1 0 X 0 0
7 4 C -1 0 X 0 0
8 4 D -1 0 X 0 0
10 4 C -1 0 X 0 0
11 4 A -1 0 X 0 0
12 4 WALL -1 0 X 0 0
13 4 A -1 0 X 0 0
18 4 D -1 0 X 0 0
20 4 WALL -1 0 X 0 0
21 4 D -1 0 X 0 0
0 5 WALL -1 0 X 0 0
3 5 D -1 0 X 0 0
6 5 A -1 0 X 0 0
8 5 WALL -1 0 X 0 0
13 5 WALL -1 0 X 0 0
15 5 A -1 0 X 0 0
18 5 D -1 0 X 0 0
21 5 WALL -1 0 X 0 0
0 6 D -1 0 X 0 0
1 6 WALL -1 0 X 0 0
3 6 D -1 0 X 0 0
8 6 A -1 0 X 0 0
9 6 WALL -1 0 X 0 0
10 6 A -1 0 X 0 0
11 6 C -1 0 X 0 0
13 6 D -1 0 X 0 0
14 6 C -1 0 X 0 0
15 6 WALL -1 0 X 0 0
19 6 C -1 0 X 0 0
21 6 WALL -1 0 X 0 0
2 7 WALL -1 0 X 0 0
3 7 C -1 0 X 0 0
8 7 WALL -1 0 X 0 0
10 7 C -1 0 X 0 0
11 7 WALL -1 0 X 0 0
12 7 B -1 0 X 0 0
20 7 ROOT 1 2 N 0 2
21 7 WALL -1 0 X 0 0
2 8 WALL -1 0 X 0 0
3 8 D -1 0 X 0 0
11 8 D -1 0 X 0 0
0 9 WALL -1 0 X 0 0
1 9 A -1 0 X 0 0
3 9 C -1 0 X 0 0
5 9 A -1 0 X 0 0
8 9 D -1 0 X 0 0
12 9 WALL -1 0 X 0 0
15 9 A -1 0 X 0 0
19 9 A -1 0 X 0 0
3 10 WALL -1 0 X 0 0
6 10 A -1 0 X 0 0
8 10 WALL -1 0 X 0 0
9 10 B -1 0 X 0 0
11 10 D -1 0 X 0 0
12 10 WALL -1 0 X 0 0
13 10 B -1 0 X 0 0
14 10 B -1 0 X 0 0
15 10 A -1 0 X 0 0
16 10 B -1 0 X 0 0
19 10 WALL -1 0 X 0 0
21 10 B -1 0 X 0 0
6 4 7 10
6 4 7 10
1
