18 9
38
0 0 WALL -1 0 X 0 0
7 0 B -1 0 X 0 0
10 0 D -1 0 X 0 0
14 0 B -1 0 X 0 0
15 0 B -1 0 X 0 0
17 0 D -1 0 X 0 0
1 1 A -1 0 X 0 0
5 1 A -1 0 X 0 0
10 1 WALL -1 0 X 0 0
13 1 WALL -1 0 X 0 0
17 1 D -1 0 X 0 0
0 2 B -1 0 X 0 0
1 2 ROOT 1 1 N 0 1
2 2 C -1 0 X 0 0
9 2 C -1 0 X 0 0
16 2 WALL -1 0 X 0 0
11 3 D -1 0 X 0 0
16 3 A -1 0 X 0 0
5 4 C -1 0 X 0 0
12 4 C -1 0 X 0 0
1 5 A -1 0 X 0 0
6 5 D -1 0 X 0 0
1 6 WALL -1 0 X 0 0
8 6 C -1 0 X 0 0
15 6 C -1 0 X 0 0
16 6 ROOT 0 2 N 0 2
17 6 B -1 0 X 0 0
0 7 D -1 0 X 0 0
4 7 WALL -1 0 X 0 0
7 7 WALL -1 0 X 0 0
12 7 A -1 0 X 0 0
16 7 A -1 0 X 0 0
0 8 D -1 0 X 0 0
2 8 B -1 0 X 0 0
3 8 B -1 0 X 0 0
7 8 D -1 0 X 0 0
10 8 B -1 0 X 0 0
17 8 WALL -1 0 X 0 0
7 5 3 9
7 5 3 9
1
