18 9
42
7 0 A -1 0 X 0 0
10 0 A -1 0 X 0 0
0 1 ROOT 1 1 N 0 1
1 1 A -1 0 X 0 0
2 1 WALL -1 0 X 0 0
15 1 WALL -1 0 X 0 0
16 1 A -1 0 X 0 0
17 1 ROOT 0 2 N 0 2
3 2 A -1 0 X 0 0
6 2 WALL -1 0 X 0 0
11 2 WALL -1 0 X 0 0
14 2 A -1 0 X 0 0
0 3 B -1 0 X 0 0
1 3 D -1 0 X 0 0
2 3 D -1 0 X 0 0
3 3 C -1 0 X 0 0
6 3 A -1 0 X 0 0
11 3 A -1 0 X 0 0
14 3 C -1 0 X 0 0
15 3 D -1 0 X 0 0
16 3 D -1 0 X 0 0
17 3 B -1 0 X 0 0
1 4 B -1 0 X 0 0
16 4 B -1 0 X 0 0
0 5 D -1 0 X 0 0
1 5 WALL -1 0 X 0 0
4 5 WALL -1 0 X 0 0
6 5 C -1 0 X 0 0
11 5 C -1 0 X 0 0
13 5 WALL -1 0 X 0 0
16 5 WALL -1 0 X 0 0
17 5 D -1 0 X 0 0
2 6 C -1 0 X 0 0
5 6 A -1 0 X 0 0
12 6 A -1 0 X 0 0
15 6 C -1 0 X 0 0
1 7 D -1 0 X 0 0
16 7 D -1 0 X 0 0
0 8 B -1 0 X 0 0
8 8 B -1 0 X 0 0
9 8 B -1 0 X 0 0
17 8 B -1 0 X 0 0
8 10 9 6
8 10 9 6
1
