16 8
30
4 0 A -1 0 X 0 0
11 0 A -1 0 X 0 0
12 0 B -1 0 X 0 0
3 1 B -1 0 X 0 0
6 1 D -1 0 X 0 0
13 1 A -1 0 X 0 0
14 1 B -1 0 X 0 0
0 2 A -1 0 X 0 0
10 2 WALL -1 0 X 0 0
15 2 D -1 0 X 0 0
0 3 ROOT 0 1 N 0 1
3 3 C -1 0 X 0 0
5 3 C -1 0 X 0 0
6 3 D -1 0 X 0 0
10 3 C -1 0 X 0 0
5 4 C -1 0 X 0 0
9 4 D -1 0 X 0 0
10 4 C -1 0 X 0 0
12 4 C -1 0 X 0 0
15 4 ROOT 1 2 N 0 2
0 5 D -1 0 X 0 0
5 5 WALL -1 0 X 0 0
15 5 A -1 0 X 0 0
1 6 B -1 0 X 0 0
2 6 A -1 0 X 0 0
9 6 D -1 0 X 0 0
12 6 B -1 0 X 0 0
3 7 B -1 0 X 0 0
4 7 A -1 0 X 0 0
11 7 A -1 0 X 0 0
5 7 9 3
5 7 9 3
1
