24 12
28
1 1 C -1 0 X 0 0
22 1 C -1 0 X 0 0
1 3 WALL -1 0 X 0 0
2 3 ROOT 1 1 N 0 1
21 3 ROOT 0 2 N 0 2
22 3 WALL -1 0 X 0 0
1 4 B -1 0 X 0 0
7 4 D -1 0 X 0 0
16 4 D -1 0 X 0 0
22 4 B -1 0 X 0 0
0 5 A -1 0 X 0 0
23 5 A -1 0 X 0 0
5 6 WALL -1 0 X 0 0
11 6 WALL -1 0 X 0 0
12 6 WALL -1 0 X 0 0
18 6 WALL -1 0 X 0 0
1 7 A -1 0 X 0 0
22 7 A -1 0 X 0 0
6 9 C -1 0 X 0 0
17 9 C -1 0 X 0 0
2 10 WALL -1 0 X 0 0
5 10 D -1 0 X 0 0
11 10 B -1 0 X 0 0
12 10 B -1 0 X 0 0
18 10 D -1 0 X 0 0
21 10 WALL -1 0 X 0 0
0 11 WALL -1 0 X 0 0
23 11 WALL -1 0 X 0 0
5 10 3 10
5 10 3 10
1
