16 8
30
1 0 WALL -1 0 X 0 0
5 0 A -1 0 X 0 0
11 0 A -1 0 X 0 0
15 0 A -1 0 X 0 0
4 1 B -1 0 X 0 0
8 1 D -1 0 X 0 0
9 1 WALL -1 0 X 0 0
13 1 B -1 0 X 0 0
1 2 ROOT 1 1 N 0 1
5 2 B -1 0 X 0 0
7 2 C -1 0 X 0 0
4 3 WALL -1 0 X 0 0
6 3 C -1 0 X 0 0
11 3 WALL -1 0 X 0 0
12 3 D -1 0 X 0 0
3 4 D -1 0 X 0 0
4 4 WALL -1 0 X 0 0
9 4 C -1 0 X 0 0
11 4 WALL -1 0 X 0 0
8 5 C -1 0 X 0 0
10 5 B -1 0 X 0 0
14 5 ROOT 0 2 N 0 2
2 6 B -1 0 X 0 0
6 6 WALL -1 0 X 0 0
7 6 D -1 0 X 0 0
11 6 B -1 0 X 0 0
0 7 A -1 0 X 0 0
4 7 A -1 0 X 0 0
10 7 A -1 0 X 0 0
14 7 WALL -1 0 X 0 0
4 7 8 5
4 7 8 5
1
