18 9
62
3 0 B -1 0 X 0 0
10 0 D -1 0 X 0 0
13 0 B -1 0 X 0 0
14 0 A -1 0 X 0 0
15 0 WALL -1 0 X 0 0
17 0 WALL -1 0 X 0 0
1 1 ROOT 1 1 N 0 1
2 1 WALL -1 0 X 0 0
11 1 WALL -1 0 X 0 0
12 1 A -1 0 X 0 0
15 1 WALL -1 0 X 0 0
17 1 A -1 0 X 0 0
0 2 A -1 0 X 0 0
2 2 B -1 0 X 0 0
4 2 C -1 0 X 0 0
5 2 C -1 0 X 0 0
9 2 D -1 0 X 0 0
10 2 WALL -1 0 X 0 0
16 2 B -1 0 X 0 0
2 3 WALL -1 0 X 0 0
6 3 C -1 0 X 0 0
7 3 WALL -1 0 X 0 0
11 3 C -1 0 X 0 0
14 3 A -1 0 X 0 0
16 3 WALL -1 0 X 0 0
17 3 D -1 0 X 0 0
1 4 D -1 0 X 0 0
3 4 D -1 0 X 0 0
4 4 WALL -1 0 X 0 0
5 4 C -1 0 X 0 0
6 4 WALL -1 0 X 0 0
11 4 WALL -1 0 X 0 0
12 4 C -1 0 X 0 0
13 4 WALL -1 0 X 0 0
14 4 D -1 0 X 0 0
16 4 D -1 0 X 0 0
0 5 D -1 0 X 0 0
1 5 WALL -1 0 X 0 0
3 5 A -1 0 X 0 0
6 5 C -1 0 X 0 0
10 5 WALL -1 0 X 0 0
11 5 C -1 0 X 0 0
15 5 WALL -1 0 X 0 0
1 6 B -1 0 X 0 0
7 6 WALL -1 0 X 0 0
8 6 D -1 0 X 0 0
12 6 C -1 0 X 0 0
13 6 C -1 0 X 0 0
15 6 B -1 0 X 0 0
17 6 A -1 0 X 0 0
0 7 A -1 0 X 0 0
2 7 WALL -1 0 X 0 0
5 7 A -1 0 X 0 0
6 7 WALL -1 0 X 0 0
15 7 WALL -1 0 X 0 0
16 7 ROOT 0 2 N 0 2
0 8 WALL -1 0 X 0 0
2 8 WALL -1 0 X 0 0
3 8 A -1 0 X 0 0
4 8 B -1 0 X 0 0
7 8 D -1 0 X 0 0
14 8 B -1 0 X 0 0
10 8 7 3
10 8 7 3
1
