24 12
28
1 0 A -1 0 X 0 0
3 0 WALL -1 0 X 0 0
1 1 ROOT 0 1 N 0 1
6 1 WALL -1 0 X 0 0
8 1 WALL -1 0 X 0 0
10 1 D -1 0 X 0 0
14 1 A -1 0 X 0 0
3 2 B -1 0 X 0 0
2 3 C -1 0 X 0 0
10 3 WALL -1 0 X 0 0
11 3 C -1 0 X 0 0
12 4 B -1 0 X 0 0
7 5 WALL -1 0 X 0 0
17 5 D -1 0 X 0 0
6 6 D -1 0 X 0 0
16 6 WALL -1 0 X 0 0
11 7 B -1 0 X 0 0
12 8 C -1 0 X 0 0
13 8 WALL -1 0 X 0 0
21 8 C -1 0 X 0 0
20 9 B -1 0 X 0 0
9 10 A -1 0 X 0 0
13 10 D -1 0 X 0 0
15 10 WALL -1 0 X 0 0
17 10 WALL -1 0 X 0 0
22 10 ROOT 1 2 N 0 2
20 11 WALL -1 0 X 0 0
22 11 A -1 0 X 0 0
3 4 4 8
3 4 4 8
1
