24 12
82
1 0 ROOT 0 1 N 0 1
2 0 D -1 0 X 0 0
10 0 D -1 0 X 0 0
14 0 C -1 0 X 0 0
15 0 WALL -1 0 X 0 0
16 0 A -1 0 X 0 0
18 0 B -1 0 X 0 0
19 0 D -1 0 X 0 0
21 0 C -1 0 X 0 0
1 1 WALL -1 0 X 0 0
4 1 D -1 0 X 0 0
15 1 WALL -1 0 X 0 0
20 1 WALL -1 0 X 0 0
21 1 B -1 0 X 0 0
4 2 A -1 0 X 0 0
6 2 C -1 0 X 0 0
8 2 WALL -1 0 X 0 0
9 2 WALL -1 0 X 0 0
19 2 A -1 0 X 0 0
21 2 B -1 0 X 0 0
0 3 C -1 0 X 0 0
6 3 B -1 0 X 0 0
7 3 D -1 0 X 0 0
11 3 WALL -1 0 X 0 0
14 3 C -1 0 X 0 0
16 3 WALL -1 0 X 0 0
18 3 WALL -1 0 X 0 0
20 3 WALL -1 0 X 0 0
0 4 WALL -1 0 X 0 0
3 4 WALL -1 0 X 0 0
7 4 A -1 0 X 0 0
8 4 B -1 0 X 0 0
14 4 B -1 0 X 0 0
15 4 A -1 0 X 0 0
19 4 WALL -1 0 X 0 0
20 4 D -1 0 X 0 0
21 4 C -1 0 X 0 0
0 5 WALL -1 0 X 0 0
5 5 WALL -1 0 X 0 0
16 5 A -1 0 X 0 0
17 5 WALL -1 0 X 0 0
6 6 WALL -1 0 X 0 0
7 6 A -1 0 X 0 0
18 6 WALL -1 0 X 0 0
23 6 WALL -1 0 X 0 0
2 7 C -1 0 X 0 0
3 7 D -1 0 X 0 0
4 7 WALL -1 0 X 0 0
8 7 A -1 0 X 0 0
9 7 B -1 0 X 0 0
15 7 B -1 0 X 0 0
16 7 A -1 0 X 0 0
20 7 WALL -1 0 X 0 0
23 7 WALL -1 0 X 0 0
3 8 WALL -1 0 X 0 0
5 8 WALL -1 0 X 0 0
7 8 WALL -1 0 X 0 0
9 8 C -1 0 X 0 0
12 8 WALL -1 0 X 0 0
16 8 D -1 0 X 0 0
17 8 B -1 0 X 0 0
23 8 C -1 0 X 0 0
2 9 B -1 0 X 0 0
4 9 A -1 0 X 0 0
14 9 WALL -1 0 X 0 0
15 9 WALL -1 0 X 0 0
17 9 C -1 0 X 0 0
19 9 A -1 0 X 0 0
2 10 B -1 0 X 0 0
3 10 WALL -1 0 X 0 0
8 10 WALL -1 0 X 0 0
19 10 D -1 0 X 0 0
22 10 WALL -1 0 X 0 0
2 11 C -1 0 X 0 0
4 11 D -1 0 X 0 0
5 11 B -1 0 X 0 0
7 11 A -1 0 X 0 0
8 11 WALL -1 0 X 0 0
9 11 C -1 0 X 0 0
13 11 D -1 0 X 0 0
21 11 D -1 0 X 0 0
22 11 ROOT 1 2 N 0 2
3 3 4 5
3 3 4 5
1
