18 9
66
0 0 A -1 0 X 0 0
4 0 WALL -1 0 X 0 0
7 0 A -1 0 X 0 0
8 0 B -1 0 X 0 0
9 0 B -1 0 X 0 0
10 0 WALL -1 0 X 0 0
14 0 WALL -1 0 X 0 0
17 0 D -1 0 X 0 0
1 1 ROOT 0 1 N 0 1
5 1 B -1 0 X 0 0
8 1 A -1 0 X 0 0
9 1 B -1 0 X 0 0
11 1 WALL -1 0 X 0 0
13 1 D -1 0 X 0 0
14 1 WALL -1 0 X 0 0
1 2 WALL -1 0 X 0 0
3 2 A -1 0 X 0 0
7 2 D -1 0 X 0 0
12 2 C -1 0 X 0 0
16 2 WALL -1 0 X 0 0
17 2 C -1 0 X 0 0
1 3 C -1 0 X 0 0
4 3 WALL -1 0 X 0 0
6 3 A -1 0 X 0 0
7 3 WALL -1 0 X 0 0
9 3 WALL -1 0 X 0 0
15 3 B -1 0 X 0 0
16 3 WALL -1 0 X 0 0
0 4 A -1 0 X 0 0
1 4 WALL -1 0 X 0 0
5 4 C -1 0 X 0 0
6 4 D -1 0 X 0 0
7 4 D -1 0 X 0 0
10 4 D -1 0 X 0 0
11 4 D -1 0 X 0 0
12 4 C -1 0 X 0 0
16 4 WALL -1 0 X 0 0
17 4 A -1 0 X 0 0
1 5 WALL -1 0 X 0 0
2 5 B -1 0 X 0 0
8 5 WALL -1 0 X 0 0
10 5 WALL -1 0 X 0 0
11 5 A -1 0 X 0 0
13 5 WALL -1 0 X 0 0
16 5 C -1 0 X 0 0
0 6 C -1 0 X 0 0
1 6 WALL -1 0 X 0 0
5 6 C -1 0 X 0 0
10 6 D -1 0 X 0 0
14 6 A -1 0 X 0 0
16 6 WALL -1 0 X 0 0
3 7 WALL -1 0 X 0 0
4 7 D -1 0 X 0 0
6 7 WALL -1 0 X 0 0
8 7 B -1 0 X 0 0
9 7 A -1 0 X 0 0
12 7 B -1 0 X 0 0
16 7 ROOT 1 2 N 0 2
0 8 D -1 0 X 0 0
3 8 WALL -1 0 X 0 0
7 8 WALL -1 0 X 0 0
8 8 B -1 0 X 0 0
9 8 B -1 0 X 0 0
10 8 A -1 0 X 0 0
13 8 WALL -1 0 X 0 0
17 8 A -1 0 X 0 0
7 6 9 5
7 6 9 5
1
