20 10
66
0 0 B -1 0 X 0 0
1 0 C -1 0 X 0 0
4 0 A -1 0 X 0 0
5 0 A -1 0 X 0 0
14 0 A -1 0 X 0 0
15 0 A -1 0 X 0 0
18 0 C -1 0 X 0 0
19 0 B -1 0 X 0 0
1 1 WALL -1 0 X 0 0
6 1 D -1 0 X 0 0
9 1 D -1 0 X 0 0
10 1 D -1 0 X 0 0
13 1 D -1 0 X 0 0
18 1 WALL -1 0 X 0 0
2 2 B -1 0 X 0 0
3 2 WALL -1 0 X 0 0
16 2 WALL -1 0 X 0 0
17 2 B -1 0 X 0 0
2 3 ROOT 0 1 N 0 1
8 3 D -1 0 X 0 0
11 3 D -1 0 X 0 0
17 3 ROOT 1 2 N 0 2
1 4 WALL -1 0 X 0 0
3 4 WALL -1 0 X 0 0
4 4 A -1 0 X 0 0
15 4 A -1 0 X 0 0
16 4 WALL -1 0 X 0 0
18 4 WALL -1 0 X 0 0
7 5 WALL -1 0 X 0 0
9 5 B -1 0 X 0 0
10 5 B -1 0 X 0 0
12 5 WALL -1 0 X 0 0
1 6 D -1 0 X 0 0
4 6 D -1 0 X 0 0
8 6 WALL -1 0 X 0 0
9 6 C -1 0 X 0 0
10 6 C -1 0 X 0 0
11 6 WALL -1 0 X 0 0
15 6 D -1 0 X 0 0
18 6 D -1 0 X 0 0
0 7 C -1 0 X 0 0
1 7 C -1 0 X 0 0
2 7 WALL -1 0 X 0 0
3 7 A -1 0 X 0 0
7 7 WALL -1 0 X 0 0
8 7 WALL -1 0 X 0 0
11 7 WALL -1 0 X 0 0
12 7 WALL -1 0 X 0 0
16 7 A -1 0 X 0 0
17 7 WALL -1 0 X 0 0
18 7 C -1 0 X 0 0
19 7 C -1 0 X 0 0
6 8 C -1 0 X 0 0
7 8 A -1 0 X 0 0
12 8 A -1 0 X 0 0
13 8 C -1 0 X 0 0
1 9 A -1 0 X 0 0
2 9 WALL -1 0 X 0 0
3 9 B -1 0 X 0 0
4 9 B -1 0 X 0 0
8 9 WALL -1 0 X 0 0
11 9 WALL -1 0 X 0 0
15 9 B -1 0 X 0 0
16 9 B -1 0 X 0 0
17 9 WALL -1 0 X 0 0
18 9 A -1 0 X 0 0
4 9 3 7
4 9 3 7
1
