24 12
94
1 0 B -1 0 X 0 0
8 0 WALL -1 0 X 0 0
11 0 WALL -1 0 X 0 0
15 0 WALL -1 0 X 0 0
17 0 C -1 0 X 0 0
20 0 WALL -1 0 X 0 0
21 0 WALL -1 0 X 0 0
22 0 B -1 0 X 0 0
1 1 A -1 0 X 0 0
2 1 ROOT 1 1 N 0 1
3 1 WALL -1 0 X 0 0
10 1 D -1 0 X 0 0
11 1 WALL -1 0 X 0 0
18 1 A -1 0 X 0 0
19 1 D -1 0 X 0 0
0 2 WALL -1 0 X 0 0
1 2 WALL -1 0 X 0 0
7 2 A -1 0 X 0 0
13 2 C -1 0 X 0 0
14 2 WALL -1 0 X 0 0
17 2 WALL -1 0 X 0 0
18 2 B -1 0 X 0 0
20 2 A -1 0 X 0 0
0 3 WALL -1 0 X 0 0
2 3 C -1 0 X 0 0
4 3 D -1 0 X 0 0
6 3 WALL -1 0 X 0 0
13 3 A -1 0 X 0 0
20 3 C -1 0 X 0 0
0 4 WALL -1 0 X 0 0
3 4 WALL -1 0 X 0 0
5 4 C -1 0 X 0 0
6 4 B -1 0 X 0 0
11 4 WALL -1 0 X 0 0
12 4 WALL -1 0 X 0 0
14 4 C -1 0 X 0 0
23 4 WALL -1 0 X 0 0
1 5 B -1 0 X 0 0
2 5 D -1 0 X 0 0
5 5 D -1 0 X 0 0
7 5 WALL -1 0 X 0 0
11 5 C -1 0 X 0 0
12 5 D -1 0 X 0 0
13 5 B -1 0 X 0 0
14 5 WALL -1 0 X 0 0
18 5 A -1 0 X 0 0
21 5 WALL -1 0 X 0 0
2 6 WALL -1 0 X 0 0
5 6 A -1 0 X 0 0
9 6 WALL -1 0 X 0 0
10 6 B -1 0 X 0 0
11 6 D -1 0 X 0 0
12 6 C -1 0 X 0 0
16 6 WALL -1 0 X 0 0
18 6 D -1 0 X 0 0
21 6 D -1 0 X 0 0
22 6 B -1 0 X 0 0
0 7 WALL -1 0 X 0 0
9 7 C -1 0 X 0 0
11 7 WALL -1 0 X 0 0
12 7 WALL -1 0 X 0 0
17 7 B -1 0 X 0 0
18 7 C -1 0 X 0 0
20 7 WALL -1 0 X 0 0
23 7 WALL -1 0 X 0 0
3 8 C -1 0 X 0 0
10 8 A -1 0 X 0 0
17 8 WALL -1 0 X 0 0
19 8 D -1 0 X 0 0
21 8 C -1 0 X 0 0
23 8 WALL -1 0 X 0 0
3 9 A -1 0 X 0 0
5 9 B -1 0 X 0 0
6 9 WALL -1 0 X 0 0
9 9 WALL -1 0 X 0 0
10 9 C -1 0 X 0 0
16 9 A -1 0 X 0 0
22 9 WALL -1 0 X 0 0
23 9 WALL -1 0 X 0 0
4 10 D -1 0 X 0 0
5 10 A -1 0 X 0 0
12 10 WALL -1 0 X 0 0
13 10 D -1 0 X 0 0
20 10 WALL -1 0 X 0 0
21 10 ROOT 0 2 N 0 2
22 10 A -1 0 X 0 0
1 11 B -1 0 X 0 0
2 11 WALL -1 0 X 0 0
3 11 WALL -1 0 X 0 0
6 11 C -1 0 X 0 0
8 11 WALL -1 0 X 0 0
12 11 WALL -1 0 X 0 0
15 11 WALL -1 0 X 0 0
22 11 B -1 0 X 0 0
10 9 10 7
10 9 10 7
1
