18 9
54
5 0 B -1 0 X 0 0
9 0 B -1 0 X 0 0
10 0 WALL -1 0 X 0 0
12 0 A -1 0 X 0 0
16 0 WALL -1 0 X 0 0
17 0 B -1 0 X 0 0
1 1 C -1 0 X 0 0
12 1 B -1 0 X 0 0
13 1 A -1 0 X 0 0
14 1 WALL -1 0 X 0 0
16 1 WALL -1 0 X 0 0
10 2 A -1 0 X 0 0
14 2 D -1 0 X 0 0
1 3 C -1 0 X 0 0
2 3 C -1 0 X 0 0
3 3 ROOT 0 1 N 0 1
5 3 A -1 0 X 0 0
8 3 WALL -1 0 X 0 0
10 3 C -1 0 X 0 0
11 3 D -1 0 X 0 0
15 3 WALL -1 0 X 0 0
16 3 WALL -1 0 X 0 0
17 3 D -1 0 X 0 0
0 4 WALL -1 0 X 0 0
4 4 WALL -1 0 X 0 0
6 4 D -1 0 X 0 0
8 4 WALL -1 0 X 0 0
9 4 WALL -1 0 X 0 0
11 4 D -1 0 X 0 0
13 4 WALL -1 0 X 0 0
17 4 WALL -1 0 X 0 0
0 5 D -1 0 X 0 0
1 5 WALL -1 0 X 0 0
2 5 WALL -1 0 X 0 0
6 5 D -1 0 X 0 0
7 5 C -1 0 X 0 0
9 5 WALL -1 0 X 0 0
12 5 A -1 0 X 0 0
14 5 ROOT 1 2 N 0 2
15 5 C -1 0 X 0 0
16 5 C -1 0 X 0 0
3 6 D -1 0 X 0 0
7 6 A -1 0 X 0 0
1 7 WALL -1 0 X 0 0
3 7 WALL -1 0 X 0 0
4 7 A -1 0 X 0 0
5 7 B -1 0 X 0 0
16 7 C -1 0 X 0 0
0 8 B -1 0 X 0 0
1 8 WALL -1 0 X 0 0
5 8 A -1 0 X 0 0
7 8 WALL -1 0 X 0 0
8 8 B -1 0 X 0 0
12 8 B -1 0 X 0 0
8 9 7 9
8 9 7 9
1
