16 8
28
3 0 A -1 0 X 0 0
14 0 B -1 0 X 0 0
1 1 WALL -1 0 X 0 0
3 1 ROOT 1 1 N 0 1
6 1 C -1 0 X 0 0
9 1 D -1 0 X 0 0
15 1 B -1 0 X 0 0
0 2 A -1 0 X 0 0
3 2 WALL -1 0 X 0 0
6 2 WALL -1 0 X 0 0
9 2 A -1 0 X 0 0
14 2 D -1 0 X 0 0
9 3 WALL -1 0 X 0 0
10 3 C -1 0 X 0 0
5 4 C -1 0 X 0 0
6 4 WALL -1 0 X 0 0
1 5 D -1 0 X 0 0
6 5 A -1 0 X 0 0
9 5 WALL -1 0 X 0 0
12 5 WALL -1 0 X 0 0
15 5 A -1 0 X 0 0
0 6 B -1 0 X 0 0
6 6 D -1 0 X 0 0
9 6 C -1 0 X 0 0
12 6 ROOT 0 2 N 0 2
14 6 WALL -1 0 X 0 0
1 7 B -1 0 X 0 0
12 7 A -1 0 X 0 0
8 9 8 3
8 9 8 3
1
