18 9
28
1 0 B -1 0 X 0 0
10 0 D -1 0 X 0 0
0 1 C -1 0 X 0 0
1 1 A -1 0 X 0 0
5 1 B -1 0 X 0 0
6 1 A -1 0 X 0 0
10 1 B -1 0 X 0 0
16 1 A -1 0 X 0 0
0 2 ROOT 1 1 N 0 1
5 2 C -1 0 X 0 0
3 3 D -1 0 X 0 0
12 3 C -1 0 X 0 0
3 4 D -1 0 X 0 0
7 4 WALL -1 0 X 0 0
10 4 WALL -1 0 X 0 0
14 4 D -1 0 X 0 0
5 5 C -1 0 X 0 0
14 5 D -1 0 X 0 0
12 6 C -1 0 X 0 0
17 6 ROOT 0 2 N 0 2
1 7 A -1 0 X 0 0
7 7 B -1 0 X 0 0
11 7 A -1 0 X 0 0
12 7 B -1 0 X 0 0
16 7 A -1 0 X 0 0
17 7 C -1 0 X 0 0
7 8 D -1 0 X 0 0
16 8 B -1 0 X 0 0
6 9 3 3
6 9 3 3
1
