24 12
110
13 0 A -1 0 X 0 0
15 0 C -1 0 X 0 0
18 0 WALL -1 0 X 0 0
19 0 A -1 0 X 0 0
20 0 D -1 0 X 0 0
22 0 WALL -1 0 X 0 0
2 1 WALL -1 0 X 0 0
4 1 B -1 0 X 0 0
5 1 B -1 0 X 0 0
6 1 A -1 0 X 0 0
10 1 D -1 0 X 0 0
13 1 A -1 0 X 0 0
15 1 WALL -1 0 X 0 0
20 1 C -1 0 X 0 0
22 1 A -1 0 X 0 0
0 2 C -1 0 X 0 0
1 2 B -1 0 X 0 0
4 2 WALL -1 0 X 0 0
13 2 D -1 0 X 0 0
14 2 C -1 0 X 0 0
16 2 A -1 0 X 0 0
17 2 D -1 0 X 0 0
18 2 A -1 0 X 0 0
20 2 WALL -1 0 X 0 0
23 2 B -1 0 X 0 0
2 3 A -1 0 X 0 0
3 3 ROOT 0 1 N 0 1
5 3 C -1 0 X 0 0
6 3 WALL -1 0 X 0 0
7 3 WALL -1 0 X 0 0
11 3 C -1 0 X 0 0
12 3 C -1 0 X 0 0
16 3 B -1 0 X 0 0
18 3 WALL -1 0 X 0 0
20 3 WALL -1 0 X 0 0
21 3 A -1 0 X 0 0
22 3 D -1 0 X 0 0
23 3 WALL -1 0 X 0 0
1 4 WALL -1 0 X 0 0
7 4 WALL -1 0 X 0 0
11 4 WALL -1 0 X 0 0
14 4 WALL -1 0 X 0 0
15 4 B -1 0 X 0 0
16 4 WALL -1 0 X 0 0
17 4 WALL -1 0 X 0 0
21 4 C -1 0 X 0 0
23 4 WALL -1 0 X 0 0
9 5 D -1 0 X 0 0
11 5 WALL -1 0 X 0 0
15 5 WALL -1 0 X 0 0
16 5 B -1 0 X 0 0
19 5 WALL -1 0 X 0 0
20 5 WALL -1 0 X 0 0
21 5 B -1 0 X 0 0
23 5 WALL -1 0 X 0 0
0 6 WALL -1 0 X 0 0
2 6 B -1 0 X 0 0
3 6 WALL -1 0 X 0 0
4 6 WALL -1 0 X 0 0
7 6 B -1 0 X 0 0
8 6 WALL -1 0 X 0 0
12 6 WALL -1 0 X 0 0
14 6 D -1 0 X 0 0
0 7 WALL -1 0 X 0 0
2 7 C -1 0 X 0 0
6 7 WALL -1 0 X 0 0
7 7 WALL -1 0 X 0 0
8 7 B -1 0 X 0 0
9 7 WALL -1 0 X 0 0
12 7 WALL -1 0 X 0 0
16 7 WALL -1 0 X 0 0
22 7 WALL -1 0 X 0 0
0 8 WALL -1 0 X 0 0
1 8 D -1 0 X 0 0
2 8 A -1 0 X 0 0
3 8 WALL -1 0 X 0 0
5 8 WALL -1 0 X 0 0
7 8 B -1 0 X 0 0
11 8 C -1 0 X 0 0
12 8 C -1 0 X 0 0
16 8 WALL -1 0 X 0 0
17 8 WALL -1 0 X 0 0
18 8 C -1 0 X 0 0
20 8 ROOT 1 2 N 0 2
21 8 A -1 0 X 0 0
0 9 B -1 0 X 0 0
3 9 WALL -1 0 X 0 0
5 9 A -1 0 X 0 0
6 9 D -1 0 X 0 0
7 9 A -1 0 X 0 0
9 9 C -1 0 X 0 0
10 9 D -1 0 X 0 0
19 9 WALL -1 0 X 0 0
22 9 B -1 0 X 0 0
23 9 C -1 0 X 0 0
1 10 A -1 0 X 0 0
3 10 C -1 0 X 0 0
8 10 WALL -1 0 X 0 0
10 10 A -1 0 X 0 0
13 10 D -1 0 X 0 0
17 10 A -1 0 X 0 0
18 10 B -1 0 X 0 0
19 10 B -1 0 X 0 0
21 10 WALL -1 0 X 0 0
1 11 WALL -1 0 X 0 0
3 11 D -1 0 X 0 0
4 11 A -1 0 X 0 0
5 11 WALL -1 0 X 0 0
8 11 C -1 0 X 0 0
10 11 A -1 0 X 0 0
8 5 3 5
8 5 3 5
1
