20 10
62
0 0 B -1 0 X 0 0
2 0 D -1 0 X 0 0
4 0 A -1 0 X 0 0
5 0 A -1 0 X 0 0
7 0 WALL -1 0 X 0 0
12 0 WALL -1 0 X 0 0
14 0 A -1 0 X 0 0
15 0 A -1 0 X 0 0
17 0 D -1 0 X 0 0
19 0 B -1 0 X 0 0
0 1 WALL -1 0 X 0 0
7 1 C -1 0 X 0 0
12 1 C -1 0 X 0 0
19 1 WALL -1 0 X 0 0
0 2 WALL -1 0 X 0 0
4 2 B -1 0 X 0 0
15 2 B -1 0 X 0 0
19 2 WALL -1 0 X 0 0
0 3 C -1 0 X 0 0
2 3 ROOT 1 1 N 0 1
5 3 C -1 0 X 0 0
9 3 WALL -1 0 X 0 0
10 3 WALL -1 0 X 0 0
14 3 C -1 0 X 0 0
17 3 ROOT 0 2 N 0 2
19 3 C -1 0 X 0 0
1 4 D -1 0 X 0 0
2 4 B -1 0 X 0 0
5 4 WALL -1 0 X 0 0
6 4 D -1 0 X 0 0
8 4 WALL -1 0 X 0 0
9 4 D -1 0 X 0 0
10 4 D -1 0 X 0 0
11 4 WALL -1 0 X 0 0
13 4 D -1 0 X 0 0
14 4 WALL -1 0 X 0 0
17 4 B -1 0 X 0 0
18 4 D -1 0 X 0 0
0 5 WALL -1 0 X 0 0
3 5 C -1 0 X 0 0
5 5 WALL -1 0 X 0 0
14 5 WALL -1 0 X 0 0
16 5 C -1 0 X 0 0
19 5 WALL -1 0 X 0 0
0 6 A -1 0 X 0 0
7 6 A -1 0 X 0 0
12 6 A -1 0 X 0 0
19 6 A -1 0 X 0 0
3 7 B -1 0 X 0 0
4 7 WALL -1 0 X 0 0
8 7 WALL -1 0 X 0 0
11 7 WALL -1 0 X 0 0
15 7 WALL -1 0 X 0 0
16 7 B -1 0 X 0 0
4 8 WALL -1 0 X 0 0
6 8 A -1 0 X 0 0
7 8 WALL -1 0 X 0 0
12 8 WALL -1 0 X 0 0
13 8 A -1 0 X 0 0
15 8 WALL -1 0 X 0 0
8 9 B -1 0 X 0 0
11 9 B -1 0 X 0 0
5 8 3 4
5 8 3 4
1
