16 8
28
2 0 D -1 0 X 0 0
4 0 WALL -1 0 X 0 0
5 0 C -1 0 X 0 0
8 0 B -1 0 X 0 0
12 0 WALL -1 0 X 0 0
14 0 C -1 0 X 0 0
5 1 B -1 0 X 0 0
11 1 WALL -1 0 X 0 0
0 2 ROOT 0 1 N 0 1
2 3 A -1 0 X 0 0
4 3 A -1 0 X 0 0
5 3 WALL -1 0 X 0 0
8 3 D -1 0 X 0 0
11 3 WALL -1 0 X 0 0
4 4 WALL -1 0 X 0 0
7 4 D -1 0 X 0 0
10 4 WALL -1 0 X 0 0
11 4 A -1 0 X 0 0
13 4 A -1 0 X 0 0
15 5 ROOT 1 2 N 0 2
4 6 WALL -1 0 X 0 0
10 6 B -1 0 X 0 0
1 7 C -1 0 X 0 0
3 7 WALL -1 0 X 0 0
7 7 B -1 0 X 0 0
10 7 C -1 0 X 0 0
11 7 WALL -1 0 X 0 0
13 7 D -1 0 X 0 0
3 6 8 5
3 6 8 5
1
