24 12
62
3 0 C -1 0 X 0 0
5 0 A -1 0 X 0 0
7 0 A -1 0 X 0 0
11 0 A -1 0 X 0 0
16 0 C -1 0 X 0 0
18 0 A -1 0 X 0 0
21 0 WALL -1 0 X 0 0
22 0 A -1 0 X 0 0
1 1 ROOT 1 1 N 0 1
11 1 C -1 0 X 0 0
18 1 D -1 0 X 0 0
19 1 B -1 0 X 0 0
21 1 B -1 0 X 0 0
3 2 WALL -1 0 X 0 0
9 2 D -1 0 X 0 0
12 2 WALL -1 0 X 0 0
13 2 C -1 0 X 0 0
16 2 D -1 0 X 0 0
2 3 D -1 0 X 0 0
15 3 B -1 0 X 0 0
22 3 B -1 0 X 0 0
2 4 WALL -1 0 X 0 0
4 4 WALL -1 0 X 0 0
12 4 WALL -1 0 X 0 0
14 4 A -1 0 X 0 0
19 4 B -1 0 X 0 0
20 4 B -1 0 X 0 0
2 5 WALL -1 0 X 0 0
7 5 D -1 0 X 0 0
12 5 C -1 0 X 0 0
17 5 WALL -1 0 X 0 0
6 6 WALL -1 0 X 0 0
11 6 C -1 0 X 0 0
16 6 D -1 0 X 0 0
21 6 WALL -1 0 X 0 0
3 7 B -1 0 X 0 0
4 7 B -1 0 X 0 0
9 7 A -1 0 X 0 0
11 7 WALL -1 0 X 0 0
19 7 WALL -1 0 X 0 0
21 7 WALL -1 0 X 0 0
1 8 B -1 0 X 0 0
8 8 B -1 0 X 0 0
21 8 D -1 0 X 0 0
7 9 D -1 0 X 0 0
10 9 C -1 0 X 0 0
11 9 WALL -1 0 X 0 0
14 9 D -1 0 X 0 0
20 9 WALL -1 0 X 0 0
2 10 B -1 0 X 0 0
4 10 B -1 0 X 0 0
5 10 D -1 0 X 0 0
12 10 C -1 0 X 0 0
22 10 ROOT 0 2 N 0 2
1 11 A -1 0 X 0 0
2 11 WALL -1 0 X 0 0
5 11 A -1 0 X 0 0
7 11 C -1 0 X 0 0
12 11 A -1 0 X 0 0
16 11 A -1 0 X 0 0
18 11 A -1 0 X 0 0
20 11 C -1 0 X 0 0
10 5 9 10
10 5 9 10
1
