16 8
44
2 0 D -1 0 X 0 0
3 0 B -1 0 X 0 0
4 0 WALL -1 0 X 0 0
5 0 B -1 0 X 0 0
8 0 D -1 0 X 0 0
13 0 C -1 0 X 0 0
6 1 WALL -1 0 X 0 0
11 1 D -1 0 X 0 0
12 1 D -1 0 X 0 0
14 1 WALL -1 0 X 0 0
1 2 WALL -1 0 X 0 0
2 2 ROOT 0 1 N 0 1
3 2 C -1 0 X 0 0
4 2 A -1 0 X 0 0
6 2 B -1 0 X 0 0
14 2 A -1 0 X 0 0
4 3 B -1 0 X 0 0
8 3 WALL -1 0 X 0 0
12 3 A -1 0 X 0 0
13 3 C -1 0 X 0 0
14 3 A -1 0 X 0 0
15 3 A -1 0 X 0 0
0 4 A -1 0 X 0 0
1 4 A -1 0 X 0 0
2 4 C -1 0 X 0 0
3 4 A -1 0 X 0 0
7 4 WALL -1 0 X 0 0
11 4 B -1 0 X 0 0
1 5 A -1 0 X 0 0
9 5 B -1 0 X 0 0
11 5 A -1 0 X 0 0
12 5 C -1 0 X 0 0
13 5 ROOT 1 2 N 0 2
14 5 WALL -1 0 X 0 0
1 6 WALL -1 0 X 0 0
3 6 D -1 0 X 0 0
4 6 D -1 0 X 0 0
9 6 WALL -1 0 X 0 0
2 7 C -1 0 X 0 0
7 7 D -1 0 X 0 0
10 7 B -1 0 X 0 0
11 7 WALL -1 0 X 0 0
12 7 B -1 0 X 0 0
13 7 D -1 0 X 0 0
8 9 7 10
8 9 7 10
1
