22 11
68
0 0 B -1 0 X 0 0
5 0 WALL -1 0 X 0 0
9 0 A -1 0 X 0 0
12 0 A -1 0 X 0 0
16 0 WALL -1 0 X 0 0
21 0 B -1 0 X 0 0
0 1 WALL -1 0 X 0 0
8 1 B -1 0 X 0 0
9 1 D -1 0 X 0 0
12 1 D -1 0 X 0 0
13 1 B -1 0 X 0 0
21 1 WALL -1 0 X 0 0
1 2 D -1 0 X 0 0
6 2 A -1 0 X 0 0
9 2 B -1 0 X 0 0
10 2 WALL -1 0 X 0 0
11 2 WALL -1 0 X 0 0
12 2 B -1 0 X 0 0
15 2 A -1 0 X 0 0
20 2 D -1 0 X 0 0
1 3 ROOT 0 1 N 0 1
3 3 A -1 0 X 0 0
8 3 A -1 0 X 0 0
10 3 B -1 0 X 0 0
11 3 B -1 0 X 0 0
13 3 A -1 0 X 0 0
18 3 A -1 0 X 0 0
20 3 ROOT 1 2 N 0 2
4 4 C -1 0 X 0 0
5 4 C -1 0 X 0 0
8 4 WALL -1 0 X 0 0
13 4 WALL -1 0 X 0 0
16 4 C -1 0 X 0 0
17 4 C -1 0 X 0 0
2 5 WALL -1 0 X 0 0
9 5 D -1 0 X 0 0
12 5 D -1 0 X 0 0
19 5 WALL -1 0 X 0 0
4 6 WALL -1 0 X 0 0
8 6 WALL -1 0 X 0 0
13 6 WALL -1 0 X 0 0
17 6 WALL -1 0 X 0 0
0 7 B -1 0 X 0 0
1 7 WALL -1 0 X 0 0
2 7 C -1 0 X 0 0
4 7 C -1 0 X 0 0
5 7 C -1 0 X 0 0
8 7 WALL -1 0 X 0 0
13 7 WALL -1 0 X 0 0
16 7 C -1 0 X 0 0
17 7 C -1 0 X 0 0
19 7 C -1 0 X 0 0
20 7 WALL -1 0 X 0 0
21 7 B -1 0 X 0 0
2 8 WALL -1 0 X 0 0
5 8 D -1 0 X 0 0
6 8 WALL -1 0 X 0 0
15 8 WALL -1 0 X 0 0
16 8 D -1 0 X 0 0
19 8 WALL -1 0 X 0 0
0 9 A -1 0 X 0 0
4 9 WALL -1 0 X 0 0
8 9 WALL -1 0 X 0 0
13 9 WALL -1 0 X 0 0
17 9 WALL -1 0 X 0 0
21 9 A -1 0 X 0 0
2 10 WALL -1 0 X 0 0
19 10 WALL -1 0 X 0 0
8 10 7 3
8 10 7 3
1
