20 10
52
4 0 WALL -1 0 X 0 0
7 0 A -1 0 X 0 0
16 0 D -1 0 X 0 0
2 1 WALL -1 0 X 0 0
6 1 WALL -1 0 X 0 0
8 1 B -1 0 X 0 0
9 1 WALL -1 0 X 0 0
14 1 C -1 0 X 0 0
16 1 WALL -1 0 X 0 0
0 2 B -1 0 X 0 0
2 2 ROOT 0 1 N 0 1
10 2 WALL -1 0 X 0 0
17 2 C -1 0 X 0 0
19 2 A -1 0 X 0 0
0 3 B -1 0 X 0 0
8 3 A -1 0 X 0 0
9 3 C -1 0 X 0 0
13 3 D -1 0 X 0 0
15 3 C -1 0 X 0 0
17 3 WALL -1 0 X 0 0
0 4 WALL -1 0 X 0 0
6 4 B -1 0 X 0 0
8 4 A -1 0 X 0 0
11 4 D -1 0 X 0 0
12 4 WALL -1 0 X 0 0
17 4 A -1 0 X 0 0
2 5 A -1 0 X 0 0
7 5 WALL -1 0 X 0 0
8 5 D -1 0 X 0 0
11 5 A -1 0 X 0 0
13 5 B -1 0 X 0 0
19 5 WALL -1 0 X 0 0
2 6 WALL -1 0 X 0 0
4 6 C -1 0 X 0 0
6 6 D -1 0 X 0 0
10 6 C -1 0 X 0 0
11 6 A -1 0 X 0 0
19 6 B -1 0 X 0 0
0 7 A -1 0 X 0 0
2 7 C -1 0 X 0 0
9 7 WALL -1 0 X 0 0
17 7 ROOT 1 2 N 0 2
19 7 B -1 0 X 0 0
3 8 WALL -1 0 X 0 0
5 8 C -1 0 X 0 0
10 8 WALL -1 0 X 0 0
11 8 B -1 0 X 0 0
13 8 WALL -1 0 X 0 0
17 8 WALL -1 0 X 0 0
3 9 D -1 0 X 0 0
12 9 A -1 0 X 0 0
15 9 WALL -1 0 X 0 0
10 10 8 8
10 10 8 8
1
