16 8
32
0 0 C -1 0 X 0 0
4 0 B -1 0 X 0 0
2 1 ROOT 1 1 N 0 1
4 1 A -1 0 X 0 0
6 1 A -1 0 X 0 0
8 1 C -1 0 X 0 0
1 2 D -1 0 X 0 0
2 2 D -1 0 X 0 0
6 2 B -1 0 X 0 0
11 2 WALL -1 0 X 0 0
12 2 A -1 0 X 0 0
13 2 C -1 0 X 0 0
2 3 B -1 0 X 0 0
7 3 WALL -1 0 X 0 0
9 3 A -1 0 X 0 0
10 3 D -1 0 X 0 0
5 4 D -1 0 X 0 0
6 4 A -1 0 X 0 0
8 4 WALL -1 0 X 0 0
13 4 B -1 0 X 0 0
2 5 C -1 0 X 0 0
3 5 A -1 0 X 0 0
4 5 WALL -1 0 X 0 0
9 5 B -1 0 X 0 0
13 5 D -1 0 X 0 0
14 5 D -1 0 X 0 0
7 6 C -1 0 X 0 0
9 6 A -1 0 X 0 0
11 6 A -1 0 X 0 0
13 6 ROOT 0 2 N 0 2
11 7 B -1 0 X 0 0
15 7 C -1 0 X 0 0
3 6 7 4
3 6 7 4
1
