16 8
36
9 0 A -1 0 X 0 0
12 0 WALL -1 0 X 0 0
14 0 WALL -1 0 X 0 0
15 0 WALL -1 0 X 0 0
0 1 A -1 0 X 0 0
1 1 C -1 0 X 0 0
2 1 ROOT 1 1 N 0 1
8 1 B -1 0 X 0 0
13 1 D -1 0 X 0 0
14 1 B -1 0 X 0 0
0 2 B -1 0 X 0 0
1 2 WALL -1 0 X 0 0
3 2 D -1 0 X 0 0
4 2 A -1 0 X 0 0
7 2 WALL -1 0 X 0 0
15 2 C -1 0 X 0 0
2 3 WALL -1 0 X 0 0
11 3 WALL -1 0 X 0 0
4 4 WALL -1 0 X 0 0
13 4 WALL -1 0 X 0 0
0 5 C -1 0 X 0 0
8 5 WALL -1 0 X 0 0
11 5 A -1 0 X 0 0
12 5 D -1 0 X 0 0
14 5 WALL -1 0 X 0 0
15 5 B -1 0 X 0 0
1 6 B -1 0 X 0 0
2 6 D -1 0 X 0 0
7 6 B -1 0 X 0 0
13 6 ROOT 0 2 N 0 2
14 6 C -1 0 X 0 0
15 6 A -1 0 X 0 0
0 7 WALL -1 0 X 0 0
1 7 WALL -1 0 X 0 0
3 7 WALL -1 0 X 0 0
6 7 A -1 0 X 0 0
5 4 6 8
5 4 6 8
1
