16 8
26
1 0 WALL -1 0 X 0 0
2 0 ROOT 1 1 N 0 1
5 0 B -1 0 X 0 0
10 0 B -1 0 X 0 0
13 0 ROOT 0 2 N 0 2
14 0 WALL -1 0 X 0 0
6 1 D -1 0 X 0 0
9 1 D -1 0 X 0 0
1 2 WALL -1 0 X 0 0
4 2 A -1 0 X 0 0
6 2 WALL -1 0 X 0 0
9 2 WALL -1 0 X 0 0
11 2 A -1 0 X 0 0
14 2 WALL -1 0 X 0 0
5 3 D -1 0 X 0 0
10 3 D -1 0 X 0 0
3 4 C -1 0 X 0 0
12 4 C -1 0 X 0 0
0 5 A -1 0 X 0 0
6 5 C -1 0 X 0 0
9 5 C -1 0 X 0 0
15 5 A -1 0 X 0 0
3 7 B -1 0 X 0 0
4 7 WALL -1 0 X 0 0
11 7 WALL -1 0 X 0 0
12 7 B -1 0 X 0 0
7 5 6 3
7 5 6 3
1
