22 11
50
0 0 C -1 0 X 0 0
6 0 C -1 0 X 0 0
8 0 B -1 0 X 0 0
14 0 WALL -1 0 X 0 0
17 0 B -1 0 X 0 0
19 0 B -1 0 X 0 0
21 0 C -1 0 X 0 0
3 1 ROOT 0 1 N 0 1
16 1 A -1 0 X 0 0
18 1 D -1 0 X 0 0
20 1 A -1 0 X 0 0
7 2 B -1 0 X 0 0
20 2 D -1 0 X 0 0
6 3 WALL -1 0 X 0 0
10 3 D -1 0 X 0 0
11 3 A -1 0 X 0 0
15 3 A -1 0 X 0 0
20 3 C -1 0 X 0 0
3 4 B -1 0 X 0 0
7 4 A -1 0 X 0 0
8 4 D -1 0 X 0 0
15 4 D -1 0 X 0 0
1 5 A -1 0 X 0 0
3 5 B -1 0 X 0 0
7 5 C -1 0 X 0 0
14 5 C -1 0 X 0 0
18 5 B -1 0 X 0 0
20 5 A -1 0 X 0 0
6 6 D -1 0 X 0 0
13 6 D -1 0 X 0 0
14 6 A -1 0 X 0 0
18 6 B -1 0 X 0 0
1 7 C -1 0 X 0 0
6 7 A -1 0 X 0 0
10 7 A -1 0 X 0 0
11 7 D -1 0 X 0 0
15 7 WALL -1 0 X 0 0
1 8 D -1 0 X 0 0
14 8 B -1 0 X 0 0
1 9 A -1 0 X 0 0
3 9 D -1 0 X 0 0
5 9 A -1 0 X 0 0
18 9 ROOT 1 2 N 0 2
0 10 C -1 0 X 0 0
2 10 B -1 0 X 0 0
4 10 B -1 0 X 0 0
7 10 WALL -1 0 X 0 0
13 10 B -1 0 X 0 0
15 10 C -1 0 X 0 0
21 10 C -1 0 X 0 0
8 7 8 5
8 7 8 5
1
