16 8
34
11 0 A -1 0 X 0 0
13 0 A -1 0 X 0 0
1 1 B -1 0 X 0 0
5 1 WALL -1 0 X 0 0
9 1 WALL -1 0 X 0 0
10 1 C -1 0 X 0 0
11 1 B -1 0 X 0 0
12 1 A -1 0 X 0 0
13 1 A -1 0 X 0 0
15 1 C -1 0 X 0 0
7 2 D -1 0 X 0 0
14 2 WALL -1 0 X 0 0
0 3 B -1 0 X 0 0
1 3 D -1 0 X 0 0
2 3 ROOT 0 1 N 0 1
7 3 B -1 0 X 0 0
10 3 C -1 0 X 0 0
5 4 C -1 0 X 0 0
8 4 B -1 0 X 0 0
13 4 ROOT 1 2 N 0 2
14 4 D -1 0 X 0 0
15 4 B -1 0 X 0 0
1 5 WALL -1 0 X 0 0
8 5 D -1 0 X 0 0
0 6 C -1 0 X 0 0
2 6 A -1 0 X 0 0
3 6 A -1 0 X 0 0
4 6 B -1 0 X 0 0
5 6 C -1 0 X 0 0
6 6 WALL -1 0 X 0 0
10 6 WALL -1 0 X 0 0
14 6 B -1 0 X 0 0
2 7 A -1 0 X 0 0
4 7 A -1 0 X 0 0
6 7 9 9
6 7 9 9
1
