20 10
34
0 0 WALL -1 0 X 0 0
3 0 ROOT 1 1 N 0 1
8 0 D -1 0 X 0 0
11 0 WALL -1 0 X 0 0
15 0 D -1 0 X 0 0
2 1 A -1 0 X 0 0
9 1 C -1 0 X 0 0
16 1 A -1 0 X 0 0
13 2 B -1 0 X 0 0
17 2 C -1 0 X 0 0
19 2 B -1 0 X 0 0
6 3 WALL -1 0 X 0 0
8 3 WALL -1 0 X 0 0
18 3 A -1 0 X 0 0
19 3 D -1 0 X 0 0
8 4 A -1 0 X 0 0
9 4 B -1 0 X 0 0
10 5 B -1 0 X 0 0
11 5 A -1 0 X 0 0
0 6 D -1 0 X 0 0
1 6 A -1 0 X 0 0
11 6 WALL -1 0 X 0 0
13 6 WALL -1 0 X 0 0
0 7 B -1 0 X 0 0
2 7 C -1 0 X 0 0
6 7 B -1 0 X 0 0
3 8 A -1 0 X 0 0
10 8 C -1 0 X 0 0
17 8 A -1 0 X 0 0
4 9 D -1 0 X 0 0
8 9 WALL -1 0 X 0 0
11 9 D -1 0 X 0 0
16 9 ROOT 0 2 N 0 2
19 9 WALL -1 0 X 0 0
4 7 4 5
4 7 4 5
1
