16 8
30
13 0 WALL -1 0 X 0 0
1 1 WALL -1 0 X 0 0
6 1 D -1 0 X 0 0
8 1 WALL -1 0 X 0 0
9 1 C -1 0 X 0 0
11 1 D -1 0 X 0 0
14 1 A -1 0 X 0 0
3 2 A -1 0 X 0 0
5 2 C -1 0 X 0 0
14 2 B -1 0 X 0 0
1 3 ROOT 1 1 N 0 1
9 3 B -1 0 X 0 0
10 3 WALL -1 0 X 0 0
14 3 D -1 0 X 0 0
15 3 A -1 0 X 0 0
0 4 A -1 0 X 0 0
1 4 D -1 0 X 0 0
5 4 WALL -1 0 X 0 0
6 4 B -1 0 X 0 0
14 4 ROOT 0 2 N 0 2
1 5 B -1 0 X 0 0
10 5 C -1 0 X 0 0
12 5 A -1 0 X 0 0
1 6 A -1 0 X 0 0
4 6 D -1 0 X 0 0
6 6 C -1 0 X 0 0
7 6 WALL -1 0 X 0 0
9 6 D -1 0 X 0 0
14 6 WALL -1 0 X 0 0
2 7 WALL -1 0 X 0 0
9 3 6 4
9 3 6 4
1
