22 11
80
0 0 A -1 0 X 0 0
1 0 B -1 0 X 0 0
3 0 WALL -1 0 X 0 0
18 0 WALL -1 0 X 0 0
20 0 B -1 0 X 0 0
21 0 A -1 0 X 0 0
0 1 B -1 0 X 0 0
1 1 ROOT 0 1 N 0 1
9 1 WALL -1 0 X 0 0
10 1 WALL -1 0 X 0 0
11 1 WALL -1 0 X 0 0
12 1 WALL -1 0 X 0 0
20 1 ROOT 1 2 N 0 2
21 1 B -1 0 X 0 0
0 2 A -1 0 X 0 0
5 2 WALL -1 0 X 0 0
9 2 WALL -1 0 X 0 0
10 2 C -1 0 X 0 0
11 2 C -1 0 X 0 0
12 2 WALL -1 0 X 0 0
16 2 WALL -1 0 X 0 0
21 2 A -1 0 X 0 0
0 3 WALL -1 0 X 0 0
6 3 D -1 0 X 0 0
15 3 D -1 0 X 0 0
21 3 WALL -1 0 X 0 0
3 4 WALL -1 0 X 0 0
8 4 WALL -1 0 X 0 0
10 4 A -1 0 X 0 0
11 4 A -1 0 X 0 0
13 4 WALL -1 0 X 0 0
18 4 WALL -1 0 X 0 0
2 5 A -1 0 X 0 0
5 5 B -1 0 X 0 0
6 5 C -1 0 X 0 0
8 5 WALL -1 0 X 0 0
13 5 WALL -1 0 X 0 0
15 5 C -1 0 X 0 0
16 5 B -1 0 X 0 0
19 5 A -1 0 X 0 0
2 6 B -1 0 X 0 0
7 6 C -1 0 X 0 0
9 6 B -1 0 X 0 0
10 6 B -1 0 X 0 0
11 6 B -1 0 X 0 0
12 6 B -1 0 X 0 0
14 6 C -1 0 X 0 0
19 6 B -1 0 X 0 0
1 7 B -1 0 X 0 0
3 7 D -1 0 X 0 0
5 7 WALL -1 0 X 0 0
10 7 D -1 0 X 0 0
11 7 D -1 0 X 0 0
16 7 WALL -1 0 X 0 0
18 7 D -1 0 X 0 0
20 7 B -1 0 X 0 0
2 8 D -1 0 X 0 0
3 8 A -1 0 X 0 0
5 8 WALL -1 0 X 0 0
7 8 WALL -1 0 X 0 0
8 8 D -1 0 X 0 0
9 8 A -1 0 X 0 0
12 8 A -1 0 X 0 0
13 8 D -1 0 X 0 0
14 8 WALL -1 0 X 0 0
16 8 WALL -1 0 X 0 0
18 8 A -1 0 X 0 0
19 8 D -1 0 X 0 0
1 9 C -1 0 X 0 0
3 9 A -1 0 X 0 0
8 9 D -1 0 X 0 0
13 9 D -1 0 X 0 0
18 9 A -1 0 X 0 0
20 9 C -1 0 X 0 0
3 10 C -1 0 X 0 0
6 10 WALL -1 0 X 0 0
9 10 C -1 0 X 0 0
12 10 C -1 0 X 0 0
15 10 WALL -1 0 X 0 0
18 10 C -1 0 X 0 0
5 9 6 10
5 9 6 10
1
