22 11
70
1 0 A -1 0 X 0 0
6 0 A -1 0 X 0 0
8 0 D -1 0 X 0 0
13 0 B -1 0 X 0 0
16 0 B -1 0 X 0 0
19 0 B -1 0 X 0 0
1 1 B -1 0 X 0 0
3 1 C -1 0 X 0 0
12 1 WALL -1 0 X 0 0
16 1 WALL -1 0 X 0 0
18 1 WALL -1 0 X 0 0
3 2 A -1 0 X 0 0
7 2 D -1 0 X 0 0
12 2 WALL -1 0 X 0 0
16 2 C -1 0 X 0 0
17 2 WALL -1 0 X 0 0
20 2 A -1 0 X 0 0
21 2 A -1 0 X 0 0
0 3 B -1 0 X 0 0
1 3 ROOT 0 1 N 0 1
7 3 WALL -1 0 X 0 0
8 3 C -1 0 X 0 0
14 3 B -1 0 X 0 0
15 3 D -1 0 X 0 0
19 3 WALL -1 0 X 0 0
21 3 D -1 0 X 0 0
2 4 A -1 0 X 0 0
4 4 C -1 0 X 0 0
5 4 WALL -1 0 X 0 0
6 4 C -1 0 X 0 0
8 4 A -1 0 X 0 0
12 4 C -1 0 X 0 0
15 4 WALL -1 0 X 0 0
19 4 D -1 0 X 0 0
10 5 D -1 0 X 0 0
11 5 D -1 0 X 0 0
2 6 D -1 0 X 0 0
6 6 WALL -1 0 X 0 0
9 6 C -1 0 X 0 0
13 6 A -1 0 X 0 0
15 6 C -1 0 X 0 0
16 6 WALL -1 0 X 0 0
17 6 C -1 0 X 0 0
19 6 A -1 0 X 0 0
0 7 D -1 0 X 0 0
2 7 WALL -1 0 X 0 0
6 7 D -1 0 X 0 0
7 7 B -1 0 X 0 0
13 7 C -1 0 X 0 0
14 7 WALL -1 0 X 0 0
20 7 ROOT 1 2 N 0 2
21 7 B -1 0 X 0 0
0 8 A -1 0 X 0 0
1 8 A -1 0 X 0 0
4 8 WALL -1 0 X 0 0
5 8 C -1 0 X 0 0
9 8 WALL -1 0 X 0 0
14 8 D -1 0 X 0 0
18 8 A -1 0 X 0 0
3 9 WALL -1 0 X 0 0
5 9 WALL -1 0 X 0 0
9 9 WALL -1 0 X 0 0
18 9 C -1 0 X 0 0
20 9 B -1 0 X 0 0
2 10 B -1 0 X 0 0
5 10 B -1 0 X 0 0
8 10 B -1 0 X 0 0
13 10 D -1 0 X 0 0
15 10 A -1 0 X 0 0
20 10 A -1 0 X 0 0
3 3 4 7
3 3 4 7
1
