24 12
52
7 0 D -1 0 X 0 0
11 0 C -1 0 X 0 0
12 0 A -1 0 X 0 0
15 0 A -1 0 X 0 0
7 1 C -1 0 X 0 0
10 1 C -1 0 X 0 0
15 1 A -1 0 X 0 0
2 2 A -1 0 X 0 0
9 2 B -1 0 X 0 0
16 2 D -1 0 X 0 0
0 3 ROOT 1 1 N 0 1
5 3 D -1 0 X 0 0
6 3 C -1 0 X 0 0
7 3 B -1 0 X 0 0
9 3 C -1 0 X 0 0
16 3 D -1 0 X 0 0
21 3 B -1 0 X 0 0
0 4 A -1 0 X 0 0
14 4 A -1 0 X 0 0
16 4 C -1 0 X 0 0
17 4 D -1 0 X 0 0
22 4 B -1 0 X 0 0
15 5 B -1 0 X 0 0
16 5 WALL -1 0 X 0 0
19 5 B -1 0 X 0 0
20 5 D -1 0 X 0 0
3 6 D -1 0 X 0 0
4 6 B -1 0 X 0 0
7 6 WALL -1 0 X 0 0
8 6 B -1 0 X 0 0
1 7 B -1 0 X 0 0
6 7 D -1 0 X 0 0
7 7 C -1 0 X 0 0
9 7 A -1 0 X 0 0
23 7 A -1 0 X 0 0
2 8 B -1 0 X 0 0
7 8 D -1 0 X 0 0
14 8 C -1 0 X 0 0
16 8 B -1 0 X 0 0
17 8 C -1 0 X 0 0
18 8 D -1 0 X 0 0
23 8 ROOT 0 2 N 0 2
7 9 D -1 0 X 0 0
14 9 B -1 0 X 0 0
21 9 A -1 0 X 0 0
8 10 A -1 0 X 0 0
13 10 C -1 0 X 0 0
16 10 C -1 0 X 0 0
8 11 A -1 0 X 0 0
11 11 A -1 0 X 0 0
12 11 C -1 0 X 0 0
16 11 D -1 0 X 0 0
4 6 4 6
1
