22 11
78
5 0 B -1 0 X 0 0
9 0 WALL -1 0 X 0 0
18 0 WALL -1 0 X 0 0
21 0 WALL -1 0 X 0 0
9 1 B -1 0 X 0 0
10 1 A -1 0 X 0 0
12 1 A -1 0 X 0 0
13 1 C -1 0 X 0 0
14 1 A -1 0 X 0 0
15 1 WALL -1 0 X 0 0
17 1 A -1 0 X 0 0
1 2 WALL -1 0 X 0 0
2 2 ROOT 1 1 N 0 1
4 2 WALL -1 0 X 0 0
11 2 C -1 0 X 0 0
17 2 C -1 0 X 0 0
19 2 WALL -1 0 X 0 0
20 2 B -1 0 X 0 0
1 3 D -1 0 X 0 0
2 3 C -1 0 X 0 0
4 3 WALL -1 0 X 0 0
7 3 A -1 0 X 0 0
8 3 B -1 0 X 0 0
11 3 WALL -1 0 X 0 0
14 3 D -1 0 X 0 0
19 3 WALL -1 0 X 0 0
21 3 D -1 0 X 0 0
0 4 WALL -1 0 X 0 0
7 4 WALL -1 0 X 0 0
10 4 WALL -1 0 X 0 0
12 4 WALL -1 0 X 0 0
13 4 WALL -1 0 X 0 0
16 4 D -1 0 X 0 0
20 4 C -1 0 X 0 0
1 5 A -1 0 X 0 0
3 5 D -1 0 X 0 0
4 5 WALL -1 0 X 0 0
5 5 C -1 0 X 0 0
9 5 B -1 0 X 0 0
12 5 B -1 0 X 0 0
16 5 C -1 0 X 0 0
17 5 WALL -1 0 X 0 0
18 5 D -1 0 X 0 0
20 5 A -1 0 X 0 0
1 6 C -1 0 X 0 0
5 6 D -1 0 X 0 0
8 6 WALL -1 0 X 0 0
9 6 WALL -1 0 X 0 0
11 6 WALL -1 0 X 0 0
14 6 WALL -1 0 X 0 0
21 6 WALL -1 0 X 0 0
0 7 D -1 0 X 0 0
2 7 WALL -1 0 X 0 0
7 7 D -1 0 X 0 0
10 7 WALL -1 0 X 0 0
13 7 B -1 0 X 0 0
14 7 A -1 0 X 0 0
17 7 WALL -1 0 X 0 0
19 7 C -1 0 X 0 0
20 7 D -1 0 X 0 0
1 8 B -1 0 X 0 0
2 8 WALL -1 0 X 0 0
4 8 C -1 0 X 0 0
10 8 C -1 0 X 0 0
17 8 WALL -1 0 X 0 0
19 8 ROOT 0 2 N 0 2
20 8 WALL -1 0 X 0 0
4 9 A -1 0 X 0 0
6 9 WALL -1 0 X 0 0
7 9 A -1 0 X 0 0
8 9 C -1 0 X 0 0
9 9 A -1 0 X 0 0
11 9 A -1 0 X 0 0
12 9 B -1 0 X 0 0
0 10 WALL -1 0 X 0 0
3 10 WALL -1 0 X 0 0
12 10 WALL -1 0 X 0 0
16 10 B -1 0 X 0 0
10 10 4 4
10 10 4 4
1
