18 9
46
2 0 ROOT 0 1 N 0 1
8 0 D -1 0 X 0 0
3 1 D -1 0 X 0 0
4 1 C -1 0 X 0 0
14 1 C -1 0 X 0 0
15 1 WALL -1 0 X 0 0
0 2 WALL -1 0 X 0 0
1 2 A -1 0 X 0 0
3 2 B -1 0 X 0 0
9 2 D -1 0 X 0 0
10 2 C -1 0 X 0 0
12 2 WALL -1 0 X 0 0
13 2 A -1 0 X 0 0
15 2 A -1 0 X 0 0
17 2 WALL -1 0 X 0 0
1 3 C -1 0 X 0 0
4 3 B -1 0 X 0 0
7 3 WALL -1 0 X 0 0
10 3 A -1 0 X 0 0
11 3 B -1 0 X 0 0
14 3 WALL -1 0 X 0 0
5 4 WALL -1 0 X 0 0
6 4 WALL -1 0 X 0 0
11 4 WALL -1 0 X 0 0
12 4 WALL -1 0 X 0 0
3 5 WALL -1 0 X 0 0
6 5 B -1 0 X 0 0
7 5 A -1 0 X 0 0
10 5 WALL -1 0 X 0 0
13 5 B -1 0 X 0 0
16 5 C -1 0 X 0 0
0 6 WALL -1 0 X 0 0
2 6 A -1 0 X 0 0
4 6 A -1 0 X 0 0
5 6 WALL -1 0 X 0 0
7 6 C -1 0 X 0 0
8 6 D -1 0 X 0 0
14 6 B -1 0 X 0 0
16 6 A -1 0 X 0 0
17 6 WALL -1 0 X 0 0
2 7 WALL -1 0 X 0 0
3 7 C -1 0 X 0 0
13 7 C -1 0 X 0 0
14 7 D -1 0 X 0 0
9 8 D -1 0 X 0 0
15 8 ROOT 1 2 N 0 2
3 7 9 3
3 7 9 3
1
