22 11
66
0 0 A -1 0 X 0 0
4 0 D -1 0 X 0 0
7 0 A -1 0 X 0 0
9 0 B -1 0 X 0 0
12 0 B -1 0 X 0 0
14 0 A -1 0 X 0 0
17 0 D -1 0 X 0 0
21 0 A -1 0 X 0 0
2 1 WALL -1 0 X 0 0
3 1 ROOT 0 1 N 0 1
9 1 A -1 0 X 0 0
12 1 A -1 0 X 0 0
18 1 ROOT 1 2 N 0 2
19 1 WALL -1 0 X 0 0
0 2 B -1 0 X 0 0
2 2 WALL -1 0 X 0 0
3 2 WALL -1 0 X 0 0
8 2 A -1 0 X 0 0
10 2 D -1 0 X 0 0
11 2 D -1 0 X 0 0
13 2 A -1 0 X 0 0
18 2 WALL -1 0 X 0 0
19 2 WALL -1 0 X 0 0
21 2 B -1 0 X 0 0
1 3 C -1 0 X 0 0
4 3 C -1 0 X 0 0
7 3 A -1 0 X 0 0
14 3 A -1 0 X 0 0
17 3 C -1 0 X 0 0
20 3 C -1 0 X 0 0
1 4 WALL -1 0 X 0 0
2 4 WALL -1 0 X 0 0
4 4 WALL -1 0 X 0 0
17 4 WALL -1 0 X 0 0
19 4 WALL -1 0 X 0 0
20 4 WALL -1 0 X 0 0
1 5 WALL -1 0 X 0 0
2 5 B -1 0 X 0 0
4 5 C -1 0 X 0 0
6 5 WALL -1 0 X 0 0
15 5 WALL -1 0 X 0 0
17 5 C -1 0 X 0 0
19 5 B -1 0 X 0 0
20 5 WALL -1 0 X 0 0
0 6 D -1 0 X 0 0
1 6 D -1 0 X 0 0
3 6 WALL -1 0 X 0 0
6 6 WALL -1 0 X 0 0
15 6 WALL -1 0 X 0 0
18 6 WALL -1 0 X 0 0
20 6 D -1 0 X 0 0
21 6 D -1 0 X 0 0
2 7 WALL -1 0 X 0 0
5 7 B -1 0 X 0 0
16 7 B -1 0 X 0 0
19 7 WALL -1 0 X 0 0
3 8 WALL -1 0 X 0 0
4 8 B -1 0 X 0 0
17 8 B -1 0 X 0 0
18 8 WALL -1 0 X 0 0
0 9 C -1 0 X 0 0
2 9 WALL -1 0 X 0 0
19 9 WALL -1 0 X 0 0
21 9 C -1 0 X 0 0
6 10 D -1 0 X 0 0
15 10 D -1 0 X 0 0
4 4 9 3
4 4 9 3
1
