16 8
30
0 0 WALL -1 0 X 0 0
3 0 A -1 0 X 0 0
4 0 WALL -1 0 X 0 0
11 0 WALL -1 0 X 0 0
12 0 A -1 0 X 0 0
15 0 WALL -1 0 X 0 0
0 1 WALL -1 0 X 0 0
7 1 D -1 0 X 0 0
8 1 D -1 0 X 0 0
15 1 WALL -1 0 X 0 0
1 3 C -1 0 X 0 0
3 3 ROOT 1 1 N 0 1
4 3 WALL -1 0 X 0 0
11 3 WALL -1 0 X 0 0
12 3 ROOT 0 2 N 0 2
14 3 C -1 0 X 0 0
2 4 B -1 0 X 0 0
3 4 WALL -1 0 X 0 0
5 4 B -1 0 X 0 0
7 4 WALL -1 0 X 0 0
8 4 WALL -1 0 X 0 0
10 4 B -1 0 X 0 0
12 4 WALL -1 0 X 0 0
13 4 B -1 0 X 0 0
0 6 A -1 0 X 0 0
15 6 A -1 0 X 0 0
0 7 C -1 0 X 0 0
1 7 D -1 0 X 0 0
14 7 D -1 0 X 0 0
15 7 C -1 0 X 0 0
10 9 7 10
10 9 7 10
1
