18 9
54
4 0 B -1 0 X 0 0
5 0 D -1 0 X 0 0
9 0 D -1 0 X 0 0
12 0 C -1 0 X 0 0
15 0 A -1 0 X 0 0
16 0 WALL -1 0 X 0 0
0 1 WALL -1 0 X 0 0
1 1 C -1 0 X 0 0
8 1 C -1 0 X 0 0
10 1 WALL -1 0 X 0 0
15 1 C -1 0 X 0 0
17 1 A -1 0 X 0 0
0 2 ROOT 1 1 N 0 1
5 2 D -1 0 X 0 0
6 2 C -1 0 X 0 0
16 2 B -1 0 X 0 0
2 3 D -1 0 X 0 0
6 3 A -1 0 X 0 0
9 3 WALL -1 0 X 0 0
10 3 WALL -1 0 X 0 0
12 3 WALL -1 0 X 0 0
13 3 B -1 0 X 0 0
14 3 A -1 0 X 0 0
17 3 WALL -1 0 X 0 0
2 4 B -1 0 X 0 0
5 4 B -1 0 X 0 0
8 4 WALL -1 0 X 0 0
9 4 WALL -1 0 X 0 0
12 4 B -1 0 X 0 0
15 4 B -1 0 X 0 0
0 5 WALL -1 0 X 0 0
3 5 A -1 0 X 0 0
4 5 B -1 0 X 0 0
5 5 WALL -1 0 X 0 0
7 5 WALL -1 0 X 0 0
8 5 WALL -1 0 X 0 0
11 5 A -1 0 X 0 0
15 5 D -1 0 X 0 0
1 6 B -1 0 X 0 0
11 6 C -1 0 X 0 0
12 6 D -1 0 X 0 0
17 6 ROOT 0 2 N 0 2
0 7 A -1 0 X 0 0
2 7 C -1 0 X 0 0
7 7 WALL -1 0 X 0 0
9 7 C -1 0 X 0 0
16 7 C -1 0 X 0 0
17 7 WALL -1 0 X 0 0
1 8 WALL -1 0 X 0 0
2 8 A -1 0 X 0 0
5 8 C -1 0 X 0 0
8 8 D -1 0 X 0 0
12 8 D -1 0 X 0 0
13 8 B -1 0 X 0 0
5 7 3 10
5 7 3 10
1
