20 10
62
1 0 WALL -1 0 X 0 0
11 0 B -1 0 X 0 0
13 0 WALL -1 0 X 0 0
17 0 WALL -1 0 X 0 0
0 1 ROOT 1 1 N 0 1
2 1 WALL -1 0 X 0 0
3 1 B -1 0 X 0 0
4 1 WALL -1 0 X 0 0
10 1 WALL -1 0 X 0 0
11 1 D -1 0 X 0 0
14 1 A -1 0 X 0 0
16 1 C -1 0 X 0 0
19 1 D -1 0 X 0 0
5 2 A -1 0 X 0 0
8 2 C -1 0 X 0 0
10 2 WALL -1 0 X 0 0
11 2 D -1 0 X 0 0
13 2 A -1 0 X 0 0
6 3 B -1 0 X 0 0
8 3 WALL -1 0 X 0 0
11 3 B -1 0 X 0 0
12 3 C -1 0 X 0 0
17 3 C -1 0 X 0 0
19 3 B -1 0 X 0 0
2 4 A -1 0 X 0 0
3 4 A -1 0 X 0 0
5 4 D -1 0 X 0 0
6 4 WALL -1 0 X 0 0
15 4 WALL -1 0 X 0 0
18 4 D -1 0 X 0 0
19 4 WALL -1 0 X 0 0
0 5 WALL -1 0 X 0 0
1 5 D -1 0 X 0 0
4 5 WALL -1 0 X 0 0
13 5 WALL -1 0 X 0 0
14 5 D -1 0 X 0 0
16 5 A -1 0 X 0 0
17 5 A -1 0 X 0 0
0 6 B -1 0 X 0 0
2 6 C -1 0 X 0 0
7 6 C -1 0 X 0 0
8 6 B -1 0 X 0 0
11 6 WALL -1 0 X 0 0
13 6 B -1 0 X 0 0
6 7 A -1 0 X 0 0
8 7 D -1 0 X 0 0
9 7 WALL -1 0 X 0 0
11 7 C -1 0 X 0 0
14 7 A -1 0 X 0 0
0 8 D -1 0 X 0 0
3 8 C -1 0 X 0 0
5 8 A -1 0 X 0 0
8 8 D -1 0 X 0 0
9 8 WALL -1 0 X 0 0
15 8 WALL -1 0 X 0 0
16 8 B -1 0 X 0 0
17 8 WALL -1 0 X 0 0
19 8 ROOT 0 2 N 0 2
2 9 WALL -1 0 X 0 0
6 9 WALL -1 0 X 0 0
8 9 B -1 0 X 0 0
18 9 WALL -1 0 X 0 0
8 5 9 9
8 5 9 9
1
