18 9
48
2 0 ROOT 1 1 N 0 1
4 0 B -1 0 X 0 0
9 0 C -1 0 X 0 0
10 0 WALL -1 0 X 0 0
11 0 WALL -1 0 X 0 0
17 0 WALL -1 0 X 0 0
0 1 D -1 0 X 0 0
2 1 C -1 0 X 0 0
5 1 B -1 0 X 0 0
7 1 D -1 0 X 0 0
8 1 WALL -1 0 X 0 0
9 1 A -1 0 X 0 0
11 1 A -1 0 X 0 0
2 2 B -1 0 X 0 0
4 2 WALL -1 0 X 0 0
11 2 WALL -1 0 X 0 0
16 2 C -1 0 X 0 0
2 3 WALL -1 0 X 0 0
5 3 B -1 0 X 0 0
9 3 WALL -1 0 X 0 0
11 3 A -1 0 X 0 0
12 3 A -1 0 X 0 0
1 4 WALL -1 0 X 0 0
5 4 D -1 0 X 0 0
12 4 D -1 0 X 0 0
16 4 WALL -1 0 X 0 0
5 5 A -1 0 X 0 0
6 5 A -1 0 X 0 0
8 5 WALL -1 0 X 0 0
12 5 B -1 0 X 0 0
15 5 WALL -1 0 X 0 0
1 6 C -1 0 X 0 0
6 6 WALL -1 0 X 0 0
13 6 WALL -1 0 X 0 0
15 6 B -1 0 X 0 0
6 7 A -1 0 X 0 0
8 7 A -1 0 X 0 0
9 7 WALL -1 0 X 0 0
10 7 D -1 0 X 0 0
12 7 B -1 0 X 0 0
15 7 C -1 0 X 0 0
17 7 D -1 0 X 0 0
0 8 WALL -1 0 X 0 0
6 8 WALL -1 0 X 0 0
7 8 WALL -1 0 X 0 0
8 8 C -1 0 X 0 0
13 8 B -1 0 X 0 0
15 8 ROOT 0 2 N 0 2
8 4 5 3
8 4 5 3
1
