22 11
68
1 0 WALL -1 0 X 0 0
3 0 A -1 0 X 0 0
9 0 B -1 0 X 0 0
10 0 B -1 0 X 0 0
12 0 B -1 0 X 0 0
15 0 D -1 0 X 0 0
0 1 B -1 0 X 0 0
2 1 ROOT 0 1 N 0 1
4 1 WALL -1 0 X 0 0
7 1 A -1 0 X 0 0
9 1 WALL -1 0 X 0 0
19 1 D -1 0 X 0 0
20 1 C -1 0 X 0 0
1 2 D -1 0 X 0 0
2 2 A -1 0 X 0 0
6 2 WALL -1 0 X 0 0
14 2 A -1 0 X 0 0
15 2 WALL -1 0 X 0 0
19 2 WALL -1 0 X 0 0
0 3 B -1 0 X 0 0
1 3 C -1 0 X 0 0
2 3 C -1 0 X 0 0
5 3 WALL -1 0 X 0 0
8 3 WALL -1 0 X 0 0
9 3 D -1 0 X 0 0
12 3 A -1 0 X 0 0
20 3 C -1 0 X 0 0
0 4 B -1 0 X 0 0
1 4 C -1 0 X 0 0
7 4 WALL -1 0 X 0 0
9 4 D -1 0 X 0 0
13 4 A -1 0 X 0 0
19 4 WALL -1 0 X 0 0
9 5 WALL -1 0 X 0 0
12 5 WALL -1 0 X 0 0
2 6 WALL -1 0 X 0 0
8 6 A -1 0 X 0 0
12 6 D -1 0 X 0 0
14 6 WALL -1 0 X 0 0
20 6 C -1 0 X 0 0
21 6 B -1 0 X 0 0
1 7 C -1 0 X 0 0
9 7 A -1 0 X 0 0
12 7 D -1 0 X 0 0
13 7 WALL -1 0 X 0 0
16 7 WALL -1 0 X 0 0
19 7 C -1 0 X 0 0
20 7 C -1 0 X 0 0
21 7 B -1 0 X 0 0
2 8 WALL -1 0 X 0 0
6 8 WALL -1 0 X 0 0
7 8 A -1 0 X 0 0
15 8 WALL -1 0 X 0 0
19 8 A -1 0 X 0 0
20 8 D -1 0 X 0 0
1 9 C -1 0 X 0 0
2 9 D -1 0 X 0 0
12 9 WALL -1 0 X 0 0
14 9 A -1 0 X 0 0
17 9 WALL -1 0 X 0 0
19 9 ROOT 1 2 N 0 2
21 9 B -1 0 X 0 0
6 10 D -1 0 X 0 0
9 10 B -1 0 X 0 0
11 10 B -1 0 X 0 0
12 10 B -1 0 X 0 0
18 10 A -1 0 X 0 0
20 10 WALL -1 0 X 0 0
9 6 7 5
9 6 7 5
1
