24 12
32
2 0 D -1 0 X 0 0
13 0 WALL -1 0 X 0 0
19 0 WALL -1 0 X 0 0
0 1 B -1 0 X 0 0
11 1 WALL -1 0 X 0 0
15 1 C -1 0 X 0 0
19 1 WALL -1 0 X 0 0
1 2 WALL -1 0 X 0 0
5 2 D -1 0 X 0 0
16 2 WALL -1 0 X 0 0
3 3 ROOT 0 1 N 0 1
19 3 C -1 0 X 0 0
13 4 A -1 0 X 0 0
14 4 WALL -1 0 X 0 0
15 4 A -1 0 X 0 0
20 5 B -1 0 X 0 0
3 6 B -1 0 X 0 0
8 7 A -1 0 X 0 0
9 7 WALL -1 0 X 0 0
10 7 A -1 0 X 0 0
4 8 C -1 0 X 0 0
20 8 ROOT 1 2 N 0 2
7 9 WALL -1 0 X 0 0
18 9 D -1 0 X 0 0
22 9 WALL -1 0 X 0 0
4 10 WALL -1 0 X 0 0
8 10 C -1 0 X 0 0
12 10 WALL -1 0 X 0 0
23 10 B -1 0 X 0 0
4 11 WALL -1 0 X 0 0
10 11 WALL -1 0 X 0 0
21 11 D -1 0 X 0 0
8 8 8 4
8 8 8 4
1
