16 8
48
3 0 C -1 0 X 0 0
4 0 C -1 0 X 0 0
5 0 WALL -1 0 X 0 0
7 0 WALL -1 0 X 0 0
8 0 WALL -1 0 X 0 0
10 0 WALL -1 0 X 0 0
11 0 C -1 0 X 0 0
12 0 C -1 0 X 0 0
0 1 ROOT 0 1 N 0 1
2 1 B -1 0 X 0 0
6 1 B -1 0 X 0 0
9 1 B -1 0 X 0 0
13 1 B -1 0 X 0 0
15 1 ROOT 1 2 N 0 2
1 2 WALL -1 0 X 0 0
4 2 D -1 0 X 0 0
7 2 WALL -1 0 X 0 0
8 2 WALL -1 0 X 0 0
11 2 D -1 0 X 0 0
14 2 WALL -1 0 X 0 0
1 3 B -1 0 X 0 0
3 3 A -1 0 X 0 0
5 3 WALL -1 0 X 0 0
10 3 WALL -1 0 X 0 0
12 3 A -1 0 X 0 0
14 3 B -1 0 X 0 0
1 4 A -1 0 X 0 0
3 4 B -1 0 X 0 0
4 4 A -1 0 X 0 0
11 4 A -1 0 X 0 0
12 4 B -1 0 X 0 0
14 4 A -1 0 X 0 0
5 5 WALL -1 0 X 0 0
10 5 WALL -1 0 X 0 0
4 6 WALL -1 0 X 0 0
6 6 A -1 0 X 0 0
9 6 A -1 0 X 0 0
11 6 WALL -1 0 X 0 0
1 7 WALL -1 0 X 0 0
2 7 C -1 0 X 0 0
5 7 D -1 0 X 0 0
6 7 C -1 0 X 0 0
7 7 D -1 0 X 0 0
8 7 D -1 0 X 0 0
9 7 C -1 0 X 0 0
10 7 D -1 0 X 0 0
13 7 C -1 0 X 0 0
14 7 WALL -1 0 X 0 0
5 9 10 6
5 9 10 6
1
