22 11
52
16 0 WALL -1 0 X 0 0
21 0 B -1 0 X 0 0
6 1 C -1 0 X 0 0
13 1 B -1 0 X 0 0
15 1 B -1 0 X 0 0
18 1 D -1 0 X 0 0
19 1 A -1 0 X 0 0
21 1 C -1 0 X 0 0
0 2 ROOT 0 1 N 0 1
2 2 A -1 0 X 0 0
3 2 A -1 0 X 0 0
4 2 D -1 0 X 0 0
9 2 WALL -1 0 X 0 0
2 3 WALL -1 0 X 0 0
4 3 WALL -1 0 X 0 0
10 3 WALL -1 0 X 0 0
17 3 C -1 0 X 0 0
20 3 WALL -1 0 X 0 0
1 4 D -1 0 X 0 0
2 4 WALL -1 0 X 0 0
9 4 B -1 0 X 0 0
15 4 WALL -1 0 X 0 0
21 4 C -1 0 X 0 0
1 5 D -1 0 X 0 0
4 5 WALL -1 0 X 0 0
7 5 A -1 0 X 0 0
14 5 A -1 0 X 0 0
17 5 WALL -1 0 X 0 0
20 5 D -1 0 X 0 0
0 6 C -1 0 X 0 0
6 6 WALL -1 0 X 0 0
12 6 B -1 0 X 0 0
19 6 WALL -1 0 X 0 0
20 6 D -1 0 X 0 0
1 7 WALL -1 0 X 0 0
4 7 C -1 0 X 0 0
11 7 WALL -1 0 X 0 0
17 7 WALL -1 0 X 0 0
19 7 WALL -1 0 X 0 0
12 8 WALL -1 0 X 0 0
17 8 D -1 0 X 0 0
18 8 A -1 0 X 0 0
19 8 A -1 0 X 0 0
21 8 ROOT 1 2 N 0 2
0 9 C -1 0 X 0 0
2 9 A -1 0 X 0 0
3 9 D -1 0 X 0 0
6 9 B -1 0 X 0 0
8 9 B -1 0 X 0 0
15 9 C -1 0 X 0 0
0 10 B -1 0 X 0 0
5 10 WALL -1 0 X 0 0
6 10 7 3
6 10 7 3
1
