24 12
68
7 0 C -1 0 X 0 0
8 0 D -1 0 X 0 0
10 0 B -1 0 X 0 0
14 0 C -1 0 X 0 0
21 0 A -1 0 X 0 0
4 1 WALL -1 0 X 0 0
6 1 D -1 0 X 0 0
20 1 WALL -1 0 X 0 0
2 2 ROOT 0 1 N 0 1
5 2 A -1 0 X 0 0
12 2 WALL -1 0 X 0 0
17 2 C -1 0 X 0 0
18 2 D -1 0 X 0 0
1 3 D -1 0 X 0 0
2 3 A -1 0 X 0 0
7 3 C -1 0 X 0 0
8 3 B -1 0 X 0 0
12 3 WALL -1 0 X 0 0
13 3 WALL -1 0 X 0 0
17 3 C -1 0 X 0 0
0 4 B -1 0 X 0 0
3 4 A -1 0 X 0 0
12 4 WALL -1 0 X 0 0
15 4 D -1 0 X 0 0
16 4 A -1 0 X 0 0
19 4 WALL -1 0 X 0 0
0 5 WALL -1 0 X 0 0
1 5 WALL -1 0 X 0 0
4 5 B -1 0 X 0 0
11 5 A -1 0 X 0 0
12 5 B -1 0 X 0 0
14 5 B -1 0 X 0 0
18 5 C -1 0 X 0 0
22 5 WALL -1 0 X 0 0
1 6 WALL -1 0 X 0 0
5 6 C -1 0 X 0 0
9 6 B -1 0 X 0 0
11 6 B -1 0 X 0 0
12 6 A -1 0 X 0 0
19 6 B -1 0 X 0 0
22 6 WALL -1 0 X 0 0
23 6 WALL -1 0 X 0 0
4 7 WALL -1 0 X 0 0
7 7 A -1 0 X 0 0
8 7 D -1 0 X 0 0
11 7 WALL -1 0 X 0 0
20 7 A -1 0 X 0 0
23 7 B -1 0 X 0 0
6 8 C -1 0 X 0 0
10 8 WALL -1 0 X 0 0
11 8 WALL -1 0 X 0 0
15 8 B -1 0 X 0 0
16 8 C -1 0 X 0 0
21 8 A -1 0 X 0 0
22 8 D -1 0 X 0 0
5 9 D -1 0 X 0 0
6 9 C -1 0 X 0 0
11 9 WALL -1 0 X 0 0
18 9 A -1 0 X 0 0
21 9 ROOT 1 2 N 0 2
3 10 WALL -1 0 X 0 0
17 10 D -1 0 X 0 0
19 10 WALL -1 0 X 0 0
2 11 A -1 0 X 0 0
9 11 C -1 0 X 0 0
13 11 B -1 0 X 0 0
15 11 D -1 0 X 0 0
16 11 C -1 0 X 0 0
7 4 9 7
7 4 9 7
1
