20 10
74
0 0 B -1 0 X 0 0
4 0 WALL -1 0 X 0 0
7 0 D -1 0 X 0 0
10 0 A -1 0 X 0 0
11 0 A -1 0 X 0 0
13 0 B -1 0 X 0 0
14 0 B -1 0 X 0 0
17 0 WALL -1 0 X 0 0
3 1 ROOT 1 1 N 0 1
4 1 A -1 0 X 0 0
5 1 WALL -1 0 X 0 0
6 1 A -1 0 X 0 0
8 1 D -1 0 X 0 0
16 1 WALL -1 0 X 0 0
18 1 WALL -1 0 X 0 0
19 1 B -1 0 X 0 0
3 2 C -1 0 X 0 0
5 2 WALL -1 0 X 0 0
8 2 A -1 0 X 0 0
9 2 D -1 0 X 0 0
10 2 WALL -1 0 X 0 0
13 2 WALL -1 0 X 0 0
15 2 A -1 0 X 0 0
19 2 C -1 0 X 0 0
1 3 C -1 0 X 0 0
2 3 WALL -1 0 X 0 0
5 3 WALL -1 0 X 0 0
6 3 B -1 0 X 0 0
15 3 C -1 0 X 0 0
0 4 WALL -1 0 X 0 0
2 4 D -1 0 X 0 0
9 4 WALL -1 0 X 0 0
11 4 D -1 0 X 0 0
13 4 C -1 0 X 0 0
16 4 C -1 0 X 0 0
18 4 A -1 0 X 0 0
19 4 D -1 0 X 0 0
0 5 D -1 0 X 0 0
1 5 A -1 0 X 0 0
3 5 C -1 0 X 0 0
6 5 C -1 0 X 0 0
8 5 D -1 0 X 0 0
10 5 WALL -1 0 X 0 0
17 5 D -1 0 X 0 0
19 5 WALL -1 0 X 0 0
4 6 C -1 0 X 0 0
13 6 B -1 0 X 0 0
14 6 WALL -1 0 X 0 0
17 6 WALL -1 0 X 0 0
18 6 C -1 0 X 0 0
0 7 C -1 0 X 0 0
4 7 A -1 0 X 0 0
6 7 WALL -1 0 X 0 0
9 7 WALL -1 0 X 0 0
10 7 D -1 0 X 0 0
11 7 A -1 0 X 0 0
14 7 WALL -1 0 X 0 0
16 7 C -1 0 X 0 0
0 8 B -1 0 X 0 0
1 8 WALL -1 0 X 0 0
3 8 WALL -1 0 X 0 0
11 8 D -1 0 X 0 0
13 8 A -1 0 X 0 0
14 8 WALL -1 0 X 0 0
15 8 A -1 0 X 0 0
16 8 ROOT 0 2 N 0 2
2 9 WALL -1 0 X 0 0
5 9 B -1 0 X 0 0
6 9 B -1 0 X 0 0
8 9 A -1 0 X 0 0
9 9 A -1 0 X 0 0
12 9 D -1 0 X 0 0
15 9 WALL -1 0 X 0 0
19 9 B -1 0 X 0 0
10 10 4 7
10 10 4 7
1
