22 11
66
0 0 C -1 0 X 0 0
1 0 WALL -1 0 X 0 0
3 0 ROOT 0 1 N 0 1
4 0 B -1 0 X 0 0
5 0 A -1 0 X 0 0
7 0 B -1 0 X 0 0
14 0 C -1 0 X 0 0
16 0 C -1 0 X 0 0
18 0 B -1 0 X 0 0
19 0 B -1 0 X 0 0
21 0 WALL -1 0 X 0 0
1 1 WALL -1 0 X 0 0
3 1 C -1 0 X 0 0
7 1 A -1 0 X 0 0
10 1 WALL -1 0 X 0 0
0 2 D -1 0 X 0 0
1 2 WALL -1 0 X 0 0
2 2 D -1 0 X 0 0
3 2 B -1 0 X 0 0
10 2 D -1 0 X 0 0
11 2 C -1 0 X 0 0
16 2 WALL -1 0 X 0 0
17 2 B -1 0 X 0 0
21 2 A -1 0 X 0 0
0 3 A -1 0 X 0 0
1 3 D -1 0 X 0 0
19 3 WALL -1 0 X 0 0
0 4 A -1 0 X 0 0
6 4 WALL -1 0 X 0 0
14 4 WALL -1 0 X 0 0
17 4 A -1 0 X 0 0
18 4 WALL -1 0 X 0 0
21 4 D -1 0 X 0 0
0 6 D -1 0 X 0 0
3 6 WALL -1 0 X 0 0
4 6 A -1 0 X 0 0
7 6 WALL -1 0 X 0 0
15 6 WALL -1 0 X 0 0
21 6 A -1 0 X 0 0
2 7 WALL -1 0 X 0 0
20 7 D -1 0 X 0 0
21 7 A -1 0 X 0 0
0 8 A -1 0 X 0 0
4 8 B -1 0 X 0 0
5 8 WALL -1 0 X 0 0
10 8 C -1 0 X 0 0
11 8 D -1 0 X 0 0
18 8 B -1 0 X 0 0
19 8 D -1 0 X 0 0
20 8 WALL -1 0 X 0 0
21 8 D -1 0 X 0 0
11 9 WALL -1 0 X 0 0
14 9 A -1 0 X 0 0
18 9 C -1 0 X 0 0
20 9 WALL -1 0 X 0 0
0 10 WALL -1 0 X 0 0
2 10 B -1 0 X 0 0
3 10 B -1 0 X 0 0
5 10 C -1 0 X 0 0
7 10 C -1 0 X 0 0
14 10 B -1 0 X 0 0
16 10 A -1 0 X 0 0
17 10 B -1 0 X 0 0
18 10 ROOT 1 2 N 0 2
20 10 WALL -1 0 X 0 0
21 10 C -1 0 X 0 0
8 4 4 4
8 4 4 4
1
