16 8
44
1 0 A -1 0 X 0 0
3 0 WALL -1 0 X 0 0
5 0 WALL -1 0 X 0 0
10 0 WALL -1 0 X 0 0
0 1 ROOT 0 1 N 0 1
3 1 WALL -1 0 X 0 0
5 1 WALL -1 0 X 0 0
7 1 WALL -1 0 X 0 0
9 1 A -1 0 X 0 0
12 1 D -1 0 X 0 0
13 1 WALL -1 0 X 0 0
3 2 C -1 0 X 0 0
7 2 D -1 0 X 0 0
9 2 B -1 0 X 0 0
11 2 A -1 0 X 0 0
12 2 A -1 0 X 0 0
0 3 B -1 0 X 0 0
1 3 WALL -1 0 X 0 0
3 3 D -1 0 X 0 0
9 3 C -1 0 X 0 0
13 3 B -1 0 X 0 0
14 3 C -1 0 X 0 0
1 4 C -1 0 X 0 0
2 4 B -1 0 X 0 0
6 4 C -1 0 X 0 0
12 4 D -1 0 X 0 0
14 4 WALL -1 0 X 0 0
15 4 B -1 0 X 0 0
3 5 A -1 0 X 0 0
4 5 A -1 0 X 0 0
6 5 B -1 0 X 0 0
8 5 D -1 0 X 0 0
12 5 C -1 0 X 0 0
2 6 WALL -1 0 X 0 0
3 6 D -1 0 X 0 0
6 6 A -1 0 X 0 0
8 6 WALL -1 0 X 0 0
10 6 WALL -1 0 X 0 0
12 6 WALL -1 0 X 0 0
15 6 ROOT 1 2 N 0 2
5 7 WALL -1 0 X 0 0
10 7 WALL -1 0 X 0 0
12 7 WALL -1 0 X 0 0
14 7 A -1 0 X 0 0
7 4 8 10
7 4 8 10
1
