22 11
56
3 0 WALL -1 0 X 0 0
5 0 D -1 0 X 0 0
9 0 C -1 0 X 0 0
11 0 WALL -1 0 X 0 0
17 0 A -1 0 X 0 0
18 0 B -1 0 X 0 0
21 0 A -1 0 X 0 0
1 1 ROOT 1 1 N 0 1
0 2 B -1 0 X 0 0
4 2 WALL -1 0 X 0 0
6 2 C -1 0 X 0 0
11 2 WALL -1 0 X 0 0
13 2 A -1 0 X 0 0
1 3 WALL -1 0 X 0 0
3 3 D -1 0 X 0 0
4 3 WALL -1 0 X 0 0
9 3 C -1 0 X 0 0
15 3 WALL -1 0 X 0 0
19 3 C -1 0 X 0 0
20 3 B -1 0 X 0 0
2 4 WALL -1 0 X 0 0
4 4 WALL -1 0 X 0 0
10 4 A -1 0 X 0 0
17 4 D -1 0 X 0 0
20 4 WALL -1 0 X 0 0
2 5 B -1 0 X 0 0
3 5 WALL -1 0 X 0 0
5 5 WALL -1 0 X 0 0
16 5 WALL -1 0 X 0 0
18 5 WALL -1 0 X 0 0
19 5 B -1 0 X 0 0
1 6 WALL -1 0 X 0 0
4 6 D -1 0 X 0 0
11 6 A -1 0 X 0 0
17 6 WALL -1 0 X 0 0
19 6 WALL -1 0 X 0 0
1 7 B -1 0 X 0 0
2 7 C -1 0 X 0 0
6 7 WALL -1 0 X 0 0
12 7 C -1 0 X 0 0
17 7 WALL -1 0 X 0 0
18 7 D -1 0 X 0 0
20 7 WALL -1 0 X 0 0
8 8 A -1 0 X 0 0
10 8 WALL -1 0 X 0 0
15 8 C -1 0 X 0 0
17 8 WALL -1 0 X 0 0
21 8 B -1 0 X 0 0
20 9 ROOT 0 2 N 0 2
0 10 A -1 0 X 0 0
3 10 B -1 0 X 0 0
4 10 A -1 0 X 0 0
10 10 WALL -1 0 X 0 0
12 10 C -1 0 X 0 0
16 10 D -1 0 X 0 0
18 10 WALL -1 0 X 0 0
5 3 10 10
5 3 10 10
1
