18 9
26
9 0 WALL -1 0 X 0 0
12 0 D -1 0 X 0 0
15 0 C -1 0 X 0 0
16 0 WALL -1 0 X 0 0
2 1 WALL -1 0 X 0 0
4 1 C -1 0 X 0 0
11 1 WALL -1 0 X 0 0
0 2 ROOT 0 1 N 0 1
8 2 A -1 0 X 0 0
16 2 B -1 0 X 0 0
8 3 A -1 0 X 0 0
9 3 B -1 0 X 0 0
0 4 D -1 0 X 0 0
17 4 D -1 0 X 0 0
8 5 B -1 0 X 0 0
9 5 A -1 0 X 0 0
1 6 B -1 0 X 0 0
9 6 A -1 0 X 0 0
17 6 ROOT 1 2 N 0 2
6 7 WALL -1 0 X 0 0
13 7 C -1 0 X 0 0
15 7 WALL -1 0 X 0 0
1 8 WALL -1 0 X 0 0
2 8 C -1 0 X 0 0
5 8 D -1 0 X 0 0
8 8 WALL -1 0 X 0 0
8 3 6 9
8 3 6 9
1
