16 8
44
1 0 B -1 0 X 0 0
2 0 D -1 0 X 0 0
3 0 ROOT 0 1 N 0 1
4 0 WALL -1 0 X 0 0
7 0 D -1 0 X 0 0
8 0 D -1 0 X 0 0
11 0 WALL -1 0 X 0 0
12 0 ROOT 1 2 N 0 2
13 0 D -1 0 X 0 0
14 0 B -1 0 X 0 0
0 1 C -1 0 X 0 0
4 1 WALL -1 0 X 0 0
11 1 WALL -1 0 X 0 0
15 1 C -1 0 X 0 0
0 2 A -1 0 X 0 0
4 2 A -1 0 X 0 0
5 2 C -1 0 X 0 0
7 2 WALL -1 0 X 0 0
8 2 WALL -1 0 X 0 0
10 2 C -1 0 X 0 0
11 2 A -1 0 X 0 0
15 2 A -1 0 X 0 0
3 3 WALL -1 0 X 0 0
4 3 WALL -1 0 X 0 0
11 3 WALL -1 0 X 0 0
12 3 WALL -1 0 X 0 0
4 4 B -1 0 X 0 0
7 4 B -1 0 X 0 0
8 4 B -1 0 X 0 0
11 4 B -1 0 X 0 0
0 5 D -1 0 X 0 0
2 5 C -1 0 X 0 0
4 5 A -1 0 X 0 0
5 5 C -1 0 X 0 0
7 5 B -1 0 X 0 0
8 5 B -1 0 X 0 0
10 5 C -1 0 X 0 0
11 5 A -1 0 X 0 0
13 5 C -1 0 X 0 0
15 5 D -1 0 X 0 0
5 6 WALL -1 0 X 0 0
7 6 A -1 0 X 0 0
8 6 A -1 0 X 0 0
10 6 WALL -1 0 X 0 0
4 9 6 8
4 9 6 8
1
