16 8
26
0 1 ROOT 1 1 N 0 1
4 1 B -1 0 X 0 0
6 1 WALL -1 0 X 0 0
9 1 WALL -1 0 X 0 0
11 1 B -1 0 X 0 0
15 1 ROOT 0 2 N 0 2
3 3 A -1 0 X 0 0
12 3 A -1 0 X 0 0
0 4 A -1 0 X 0 0
3 4 A -1 0 X 0 0
6 4 WALL -1 0 X 0 0
9 4 WALL -1 0 X 0 0
12 4 A -1 0 X 0 0
15 4 A -1 0 X 0 0
2 5 B -1 0 X 0 0
13 5 B -1 0 X 0 0
6 6 C -1 0 X 0 0
7 6 WALL -1 0 X 0 0
8 6 WALL -1 0 X 0 0
9 6 C -1 0 X 0 0
5 7 D -1 0 X 0 0
6 7 D -1 0 X 0 0
7 7 WALL -1 0 X 0 0
8 7 WALL -1 0 X 0 0
9 7 D -1 0 X 0 0
10 7 D -1 0 X 0 0
4 5 3 6
4 5 3 6
1
