22 11
82
1 0 ROOT 0 1 N 0 1
7 0 WALL -1 0 X 0 0
10 0 WALL -1 0 X 0 0
11 0 WALL -1 0 X 0 0
14 0 WALL -1 0 X 0 0
20 0 ROOT 1 2 N 0 2
0 1 D -1 0 X 0 0
7 1 B -1 0 X 0 0
8 1 B -1 0 X 0 0
9 1 B -1 0 X 0 0
12 1 B -1 0 X 0 0
13 1 B -1 0 X 0 0
14 1 B -1 0 X 0 0
21 1 D -1 0 X 0 0
2 2 B -1 0 X 0 0
3 2 WALL -1 0 X 0 0
5 2 A -1 0 X 0 0
16 2 A -1 0 X 0 0
18 2 WALL -1 0 X 0 0
19 2 B -1 0 X 0 0
1 3 D -1 0 X 0 0
2 3 WALL -1 0 X 0 0
3 3 C -1 0 X 0 0
9 3 D -1 0 X 0 0
12 3 D -1 0 X 0 0
18 3 C -1 0 X 0 0
19 3 WALL -1 0 X 0 0
20 3 D -1 0 X 0 0
0 4 A -1 0 X 0 0
4 4 D -1 0 X 0 0
6 4 WALL -1 0 X 0 0
7 4 B -1 0 X 0 0
9 4 C -1 0 X 0 0
12 4 C -1 0 X 0 0
14 4 B -1 0 X 0 0
15 4 WALL -1 0 X 0 0
17 4 D -1 0 X 0 0
21 4 A -1 0 X 0 0
1 5 A -1 0 X 0 0
2 5 A -1 0 X 0 0
3 5 WALL -1 0 X 0 0
5 5 WALL -1 0 X 0 0
9 5 WALL -1 0 X 0 0
10 5 WALL -1 0 X 0 0
11 5 WALL -1 0 X 0 0
12 5 WALL -1 0 X 0 0
16 5 WALL -1 0 X 0 0
18 5 WALL -1 0 X 0 0
19 5 A -1 0 X 0 0
20 5 A -1 0 X 0 0
6 6 B -1 0 X 0 0
7 6 WALL -1 0 X 0 0
9 6 WALL -1 0 X 0 0
10 6 WALL -1 0 X 0 0
11 6 WALL -1 0 X 0 0
12 6 WALL -1 0 X 0 0
14 6 WALL -1 0 X 0 0
15 6 B -1 0 X 0 0
0 7 WALL -1 0 X 0 0
3 7 C -1 0 X 0 0
4 7 C -1 0 X 0 0
7 7 A -1 0 X 0 0
8 7 C -1 0 X 0 0
13 7 C -1 0 X 0 0
14 7 A -1 0 X 0 0
17 7 C -1 0 X 0 0
18 7 C -1 0 X 0 0
21 7 WALL -1 0 X 0 0
4 8 C -1 0 X 0 0
17 8 C -1 0 X 0 0
0 9 B -1 0 X 0 0
5 9 A -1 0 X 0 0
7 9 D -1 0 X 0 0
14 9 D -1 0 X 0 0
16 9 A -1 0 X 0 0
21 9 B -1 0 X 0 0
1 10 WALL -1 0 X 0 0
2 10 A -1 0 X 0 0
7 10 WALL -1 0 X 0 0
14 10 WALL -1 0 X 0 0
19 10 A -1 0 X 0 0
20 10 WALL -1 0 X 0 0
4 9 5 5
4 9 5 5
1
