16 8
28
0 0 D -1 0 X 0 0
1 0 WALL -1 0 X 0 0
3 0 D -1 0 X 0 0
6 0 WALL -1 0 X 0 0
10 0 B -1 0 X 0 0
11 0 WALL -1 0 X 0 0
14 0 B -1 0 X 0 0
4 1 A -1 0 X 0 0
7 1 WALL -1 0 X 0 0
10 2 WALL -1 0 X 0 0
12 2 C -1 0 X 0 0
14 2 A -1 0 X 0 0
3 3 ROOT 0 1 N 0 1
12 3 C -1 0 X 0 0
3 4 C -1 0 X 0 0
12 4 ROOT 1 2 N 0 2
1 5 A -1 0 X 0 0
3 5 C -1 0 X 0 0
5 5 WALL -1 0 X 0 0
8 6 WALL -1 0 X 0 0
11 6 A -1 0 X 0 0
1 7 B -1 0 X 0 0
4 7 WALL -1 0 X 0 0
5 7 B -1 0 X 0 0
9 7 WALL -1 0 X 0 0
12 7 D -1 0 X 0 0
14 7 WALL -1 0 X 0 0
15 7 D -1 0 X 0 0
9 3 8 8
9 3 8 8
1
