24 12
30
1 0 A -1 0 X 0 0
4 0 B -1 0 X 0 0
9 0 C -1 0 X 0 0
2 2 ROOT 0 1 N 0 1
15 2 D -1 0 X 0 0
18 2 B -1 0 X 0 0
20 2 D -1 0 X 0 0
16 4 C -1 0 X 0 0
18 4 A -1 0 X 0 0
20 4 WALL -1 0 X 0 0
4 5 A -1 0 X 0 0
5 5 C -1 0 X 0 0
11 5 D -1 0 X 0 0
18 5 WALL -1 0 X 0 0
20 5 B -1 0 X 0 0
3 6 B -1 0 X 0 0
5 6 WALL -1 0 X 0 0
12 6 D -1 0 X 0 0
18 6 C -1 0 X 0 0
19 6 A -1 0 X 0 0
3 7 WALL -1 0 X 0 0
5 7 A -1 0 X 0 0
7 7 C -1 0 X 0 0
3 9 D -1 0 X 0 0
5 9 B -1 0 X 0 0
8 9 D -1 0 X 0 0
21 9 ROOT 1 2 N 0 2
14 11 C -1 0 X 0 0
19 11 B -1 0 X 0 0
22 11 A -1 0 X 0 0
8 5 10 7
8 5 10 7
1
