16 8
28
1 0 B -1 0 X 0 0
2 0 ROOT 0 1 N 0 1
7 0 WALL -1 0 X 0 0
14 0 WALL -1 0 X 0 0
15 0 A -1 0 X 0 0
1 1 D -1 0 X 0 0
3 1 A -1 0 X 0 0
6 1 A -1 0 X 0 0
8 1 D -1 0 X 0 0
12 1 C -1 0 X 0 0
0 2 C -1 0 X 0 0
7 2 B -1 0 X 0 0
1 3 B -1 0 X 0 0
13 3 WALL -1 0 X 0 0
2 4 WALL -1 0 X 0 0
14 4 B -1 0 X 0 0
8 5 B -1 0 X 0 0
15 5 C -1 0 X 0 0
3 6 C -1 0 X 0 0
7 6 D -1 0 X 0 0
9 6 A -1 0 X 0 0
12 6 A -1 0 X 0 0
14 6 D -1 0 X 0 0
0 7 A -1 0 X 0 0
1 7 WALL -1 0 X 0 0
8 7 WALL -1 0 X 0 0
13 7 ROOT 1 2 N 0 2
14 7 B -1 0 X 0 0
5 5 4 9
5 5 4 9
1
