18 9
52
0 0 B -1 0 X 0 0
2 0 A -1 0 X 0 0
10 0 B -1 0 X 0 0
17 0 C -1 0 X 0 0
0 1 ROOT 1 1 N 0 1
2 1 WALL -1 0 X 0 0
6 1 WALL -1 0 X 0 0
8 1 C -1 0 X 0 0
12 1 WALL -1 0 X 0 0
14 1 WALL -1 0 X 0 0
1 2 A -1 0 X 0 0
2 2 A -1 0 X 0 0
11 2 C -1 0 X 0 0
12 2 WALL -1 0 X 0 0
16 2 D -1 0 X 0 0
17 2 A -1 0 X 0 0
5 3 C -1 0 X 0 0
6 3 D -1 0 X 0 0
8 3 A -1 0 X 0 0
9 3 B -1 0 X 0 0
10 3 D -1 0 X 0 0
12 3 D -1 0 X 0 0
16 3 C -1 0 X 0 0
0 4 WALL -1 0 X 0 0
2 4 WALL -1 0 X 0 0
4 4 D -1 0 X 0 0
13 4 D -1 0 X 0 0
15 4 WALL -1 0 X 0 0
17 4 WALL -1 0 X 0 0
1 5 C -1 0 X 0 0
5 5 D -1 0 X 0 0
7 5 D -1 0 X 0 0
8 5 B -1 0 X 0 0
9 5 A -1 0 X 0 0
11 5 D -1 0 X 0 0
12 5 C -1 0 X 0 0
0 6 A -1 0 X 0 0
1 6 D -1 0 X 0 0
5 6 WALL -1 0 X 0 0
6 6 C -1 0 X 0 0
15 6 A -1 0 X 0 0
16 6 A -1 0 X 0 0
3 7 WALL -1 0 X 0 0
5 7 WALL -1 0 X 0 0
9 7 C -1 0 X 0 0
11 7 WALL -1 0 X 0 0
15 7 WALL -1 0 X 0 0
17 7 ROOT 0 2 N 0 2
0 8 C -1 0 X 0 0
7 8 B -1 0 X 0 0
15 8 A -1 0 X 0 0
17 8 B -1 0 X 0 0
7 8 5 4
7 8 5 4
1
