22 11
38
5 0 WALL -1 0 X 0 0
7 0 D -1 0 X 0 0
9 1 B -1 0 X 0 0
10 1 D -1 0 X 0 0
16 1 WALL -1 0 X 0 0
18 1 D -1 0 X 0 0
3 2 A -1 0 X 0 0
7 2 B -1 0 X 0 0
8 2 A -1 0 X 0 0
19 2 WALL -1 0 X 0 0
0 3 B -1 0 X 0 0
3 3 ROOT 0 1 N 0 1
18 3 C -1 0 X 0 0
19 3 C -1 0 X 0 0
12 4 C -1 0 X 0 0
15 4 A -1 0 X 0 0
20 4 WALL -1 0 X 0 0
3 5 A -1 0 X 0 0
9 5 B -1 0 X 0 0
12 5 B -1 0 X 0 0
18 5 A -1 0 X 0 0
1 6 WALL -1 0 X 0 0
6 6 A -1 0 X 0 0
9 6 C -1 0 X 0 0
2 7 C -1 0 X 0 0
3 7 C -1 0 X 0 0
18 7 ROOT 1 2 N 0 2
21 7 B -1 0 X 0 0
2 8 WALL -1 0 X 0 0
13 8 A -1 0 X 0 0
14 8 B -1 0 X 0 0
18 8 A -1 0 X 0 0
3 9 D -1 0 X 0 0
5 9 WALL -1 0 X 0 0
11 9 D -1 0 X 0 0
12 9 B -1 0 X 0 0
14 10 D -1 0 X 0 0
16 10 WALL -1 0 X 0 0
4 7 10 6
4 7 10 6
1
