24 12
56
4 0 D -1 0 X 0 0
6 0 WALL -1 0 X 0 0
10 0 C -1 0 X 0 0
23 0 C -1 0 X 0 0
0 1 WALL -1 0 X 0 0
3 1 D -1 0 X 0 0
4 1 C -1 0 X 0 0
12 1 B -1 0 X 0 0
13 1 WALL -1 0 X 0 0
3 2 ROOT 1 1 N 0 1
7 2 B -1 0 X 0 0
8 2 B -1 0 X 0 0
9 2 C -1 0 X 0 0
10 2 A -1 0 X 0 0
17 2 A -1 0 X 0 0
21 2 C -1 0 X 0 0
23 2 C -1 0 X 0 0
11 3 A -1 0 X 0 0
19 3 B -1 0 X 0 0
20 3 B -1 0 X 0 0
9 4 WALL -1 0 X 0 0
16 4 A -1 0 X 0 0
17 4 D -1 0 X 0 0
22 4 A -1 0 X 0 0
23 4 A -1 0 X 0 0
8 5 D -1 0 X 0 0
11 5 D -1 0 X 0 0
14 5 B -1 0 X 0 0
9 6 B -1 0 X 0 0
12 6 D -1 0 X 0 0
15 6 D -1 0 X 0 0
0 7 A -1 0 X 0 0
1 7 A -1 0 X 0 0
6 7 D -1 0 X 0 0
7 7 A -1 0 X 0 0
14 7 WALL -1 0 X 0 0
3 8 B -1 0 X 0 0
4 8 B -1 0 X 0 0
12 8 A -1 0 X 0 0
0 9 C -1 0 X 0 0
2 9 C -1 0 X 0 0
6 9 A -1 0 X 0 0
13 9 A -1 0 X 0 0
14 9 C -1 0 X 0 0
15 9 B -1 0 X 0 0
16 9 B -1 0 X 0 0
20 9 ROOT 0 2 N 0 2
10 10 WALL -1 0 X 0 0
11 10 B -1 0 X 0 0
19 10 C -1 0 X 0 0
20 10 D -1 0 X 0 0
23 10 WALL -1 0 X 0 0
0 11 C -1 0 X 0 0
13 11 C -1 0 X 0 0
17 11 WALL -1 0 X 0 0
19 11 D -1 0 X 0 0
10 10 5 6
10 10 5 6
1
