16 8
28
10 0 A -1 0 X 0 0
1 1 WALL -1 0 X 0 0
3 1 C -1 0 X 0 0
6 1 C -1 0 X 0 0
8 1 B -1 0 X 0 0
10 1 D -1 0 X 0 0
0 2 B -1 0 X 0 0
8 2 D -1 0 X 0 0
11 2 A -1 0 X 0 0
2 3 ROOT 0 1 N 0 1
3 3 WALL -1 0 X 0 0
5 3 WALL -1 0 X 0 0
13 3 WALL -1 0 X 0 0
15 3 WALL -1 0 X 0 0
0 4 WALL -1 0 X 0 0
2 4 WALL -1 0 X 0 0
10 4 WALL -1 0 X 0 0
12 4 WALL -1 0 X 0 0
13 4 ROOT 1 2 N 0 2
4 5 A -1 0 X 0 0
7 5 D -1 0 X 0 0
15 5 B -1 0 X 0 0
5 6 D -1 0 X 0 0
7 6 B -1 0 X 0 0
9 6 C -1 0 X 0 0
12 6 C -1 0 X 0 0
14 6 WALL -1 0 X 0 0
5 7 A -1 0 X 0 0
7 5 6 4
7 5 6 4
1
