20 10
46
3 0 WALL -1 0 X 0 0
13 0 WALL -1 0 X 0 0
14 0 A -1 0 X 0 0
0 1 B -1 0 X 0 0
8 1 WALL -1 0 X 0 0
13 1 C -1 0 X 0 0
18 1 D -1 0 X 0 0
0 2 ROOT 0 1 N 0 1
10 2 WALL -1 0 X 0 0
12 2 B -1 0 X 0 0
16 2 D -1 0 X 0 0
17 2 A -1 0 X 0 0
5 3 C -1 0 X 0 0
10 3 B -1 0 X 0 0
11 3 C -1 0 X 0 0
12 3 A -1 0 X 0 0
17 3 D -1 0 X 0 0
3 4 WALL -1 0 X 0 0
4 4 C -1 0 X 0 0
9 4 WALL -1 0 X 0 0
11 4 D -1 0 X 0 0
14 4 WALL -1 0 X 0 0
15 4 B -1 0 X 0 0
4 5 B -1 0 X 0 0
5 5 WALL -1 0 X 0 0
8 5 D -1 0 X 0 0
10 5 WALL -1 0 X 0 0
15 5 C -1 0 X 0 0
16 5 WALL -1 0 X 0 0
2 6 D -1 0 X 0 0
7 6 A -1 0 X 0 0
8 6 C -1 0 X 0 0
9 6 B -1 0 X 0 0
14 6 C -1 0 X 0 0
2 7 A -1 0 X 0 0
3 7 D -1 0 X 0 0
7 7 B -1 0 X 0 0
9 7 WALL -1 0 X 0 0
19 7 ROOT 1 2 N 0 2
1 8 D -1 0 X 0 0
6 8 C -1 0 X 0 0
11 8 WALL -1 0 X 0 0
19 8 B -1 0 X 0 0
5 9 A -1 0 X 0 0
6 9 WALL -1 0 X 0 0
16 9 WALL -1 0 X 0 0
9 4 10 10
9 4 10 10
1
