16 8
38
10 0 WALL -1 0 X 0 0
12 0 C -1 0 X 0 0
13 0 D -1 0 X 0 0
6 1 WALL -1 0 X 0 0
9 1 A -1 0 X 0 0
13 1 WALL -1 0 X 0 0
15 1 B -1 0 X 0 0
0 2 ROOT 0 1 N 0 1
1 2 A -1 0 X 0 0
3 2 C -1 0 X 0 0
4 2 A -1 0 X 0 0
6 2 WALL -1 0 X 0 0
9 2 B -1 0 X 0 0
12 2 WALL -1 0 X 0 0
4 3 C -1 0 X 0 0
6 3 D -1 0 X 0 0
9 3 D -1 0 X 0 0
11 3 B -1 0 X 0 0
12 3 A -1 0 X 0 0
3 4 A -1 0 X 0 0
4 4 B -1 0 X 0 0
6 4 D -1 0 X 0 0
9 4 D -1 0 X 0 0
11 4 C -1 0 X 0 0
3 5 WALL -1 0 X 0 0
6 5 B -1 0 X 0 0
9 5 WALL -1 0 X 0 0
11 5 A -1 0 X 0 0
12 5 C -1 0 X 0 0
14 5 A -1 0 X 0 0
15 5 ROOT 1 2 N 0 2
0 6 B -1 0 X 0 0
2 6 WALL -1 0 X 0 0
6 6 A -1 0 X 0 0
9 6 WALL -1 0 X 0 0
2 7 D -1 0 X 0 0
3 7 C -1 0 X 0 0
5 7 WALL -1 0 X 0 0
9 4 8 6
9 4 8 6
1
