24 12
52
6 0 D -1 0 X 0 0
9 0 WALL -1 0 X 0 0
10 0 B -1 0 X 0 0
12 0 WALL -1 0 X 0 0
17 0 WALL -1 0 X 0 0
0 1 ROOT 1 1 N 0 1
16 1 C -1 0 X 0 0
17 1 WALL -1 0 X 0 0
21 1 D -1 0 X 0 0
7 2 WALL -1 0 X 0 0
12 2 C -1 0 X 0 0
19 2 B -1 0 X 0 0
22 2 B -1 0 X 0 0
1 3 D -1 0 X 0 0
4 3 A -1 0 X 0 0
8 3 A -1 0 X 0 0
9 3 B -1 0 X 0 0
13 3 B -1 0 X 0 0
15 3 C -1 0 X 0 0
9 4 A -1 0 X 0 0
12 4 A -1 0 X 0 0
7 5 A -1 0 X 0 0
9 5 WALL -1 0 X 0 0
15 5 WALL -1 0 X 0 0
18 5 WALL -1 0 X 0 0
23 5 C -1 0 X 0 0
0 6 C -1 0 X 0 0
5 6 WALL -1 0 X 0 0
8 6 WALL -1 0 X 0 0
14 6 WALL -1 0 X 0 0
16 6 A -1 0 X 0 0
11 7 A -1 0 X 0 0
14 7 A -1 0 X 0 0
8 8 C -1 0 X 0 0
10 8 B -1 0 X 0 0
14 8 B -1 0 X 0 0
15 8 A -1 0 X 0 0
19 8 A -1 0 X 0 0
22 8 D -1 0 X 0 0
1 9 B -1 0 X 0 0
4 9 B -1 0 X 0 0
11 9 C -1 0 X 0 0
16 9 WALL -1 0 X 0 0
2 10 D -1 0 X 0 0
6 10 WALL -1 0 X 0 0
7 10 C -1 0 X 0 0
23 10 ROOT 0 2 N 0 2
6 11 WALL -1 0 X 0 0
11 11 WALL -1 0 X 0 0
13 11 B -1 0 X 0 0
14 11 WALL -1 0 X 0 0
17 11 D -1 0 X 0 0
9 9 3 5
9 9 3 5
1
