24 12
120
2 0 WALL -1 0 X 0 0
3 0 WALL -1 0 X 0 0
5 0 C -1 0 X 0 0
7 0 A -1 0 X 0 0
8 0 WALL -1 0 X 0 0
9 0 B -1 0 X 0 0
10 0 C -1 0 X 0 0
13 0 WALL -1 0 X 0 0
14 0 WALL -1 0 X 0 0
21 0 WALL -1 0 X 0 0
2 1 WALL -1 0 X 0 0
5 1 C -1 0 X 0 0
6 1 WALL -1 0 X 0 0
7 1 B -1 0 X 0 0
9 1 WALL -1 0 X 0 0
10 1 WALL -1 0 X 0 0
13 1 WALL -1 0 X 0 0
14 1 D -1 0 X 0 0
15 1 C -1 0 X 0 0
18 1 WALL -1 0 X 0 0
23 1 WALL -1 0 X 0 0
2 2 WALL -1 0 X 0 0
5 2 WALL -1 0 X 0 0
7 2 WALL -1 0 X 0 0
12 2 A -1 0 X 0 0
17 2 B -1 0 X 0 0
19 2 A -1 0 X 0 0
21 2 A -1 0 X 0 0
23 2 B -1 0 X 0 0
1 3 ROOT 0 1 N 0 1
4 3 WALL -1 0 X 0 0
5 3 C -1 0 X 0 0
11 3 D -1 0 X 0 0
14 3 D -1 0 X 0 0
16 3 WALL -1 0 X 0 0
17 3 A -1 0 X 0 0
19 3 WALL -1 0 X 0 0
23 3 C -1 0 X 0 0
1 4 A -1 0 X 0 0
2 4 WALL -1 0 X 0 0
3 4 WALL -1 0 X 0 0
4 4 WALL -1 0 X 0 0
5 4 B -1 0 X 0 0
7 4 D -1 0 X 0 0
8 4 D -1 0 X 0 0
12 4 B -1 0 X 0 0
13 4 B -1 0 X 0 0
14 4 A -1 0 X 0 0
15 4 D -1 0 X 0 0
21 4 WALL -1 0 X 0 0
0 5 WALL -1 0 X 0 0
1 5 D -1 0 X 0 0
3 5 C -1 0 X 0 0
5 5 A -1 0 X 0 0
6 5 B -1 0 X 0 0
9 5 A -1 0 X 0 0
10 5 D -1 0 X 0 0
12 5 B -1 0 X 0 0
13 5 C -1 0 X 0 0
18 5 D -1 0 X 0 0
5 6 D -1 0 X 0 0
10 6 C -1 0 X 0 0
11 6 B -1 0 X 0 0
13 6 D -1 0 X 0 0
14 6 A -1 0 X 0 0
17 6 B -1 0 X 0 0
18 6 A -1 0 X 0 0
20 6 C -1 0 X 0 0
22 6 D -1 0 X 0 0
23 6 WALL -1 0 X 0 0
2 7 WALL -1 0 X 0 0
8 7 D -1 0 X 0 0
9 7 A -1 0 X 0 0
10 7 B -1 0 X 0 0
11 7 B -1 0 X 0 0
15 7 D -1 0 X 0 0
16 7 D -1 0 X 0 0
18 7 B -1 0 X 0 0
19 7 WALL -1 0 X 0 0
20 7 WALL -1 0 X 0 0
21 7 WALL -1 0 X 0 0
22 7 A -1 0 X 0 0
0 8 C -1 0 X 0 0
4 8 WALL -1 0 X 0 0
6 8 A -1 0 X 0 0
7 8 WALL -1 0 X 0 0
9 8 D -1 0 X 0 0
12 8 D -1 0 X 0 0
18 8 C -1 0 X 0 0
19 8 WALL -1 0 X 0 0
22 8 ROOT 1 2 N 0 2
0 9 B -1 0 X 0 0
2 9 A -1 0 X 0 0
4 9 A -1 0 X 0 0
6 9 B -1 0 X 0 0
11 9 A -1 0 X 0 0
16 9 WALL -1 0 X 0 0
18 9 WALL -1 0 X 0 0
21 9 WALL -1 0 X 0 0
0 10 WALL -1 0 X 0 0
5 10 WALL -1 0 X 0 0
8 10 C -1 0 X 0 0
9 10 D -1 0 X 0 0
10 10 WALL -1 0 X 0 0
13 10 WALL -1 0 X 0 0
14 10 WALL -1 0 X 0 0
16 10 B -1 0 X 0 0
17 10 WALL -1 0 X 0 0
18 10 C -1 0 X 0 0
21 10 WALL -1 0 X 0 0
2 11 WALL -1 0 X 0 0
9 11 WALL -1 0 X 0 0
10 11 WALL -1 0 X 0 0
13 11 C -1 0 X 0 0
14 11 B -1 0 X 0 0
15 11 WALL -1 0 X 0 0
16 11 A -1 0 X 0 0
18 11 C -1 0 X 0 0
20 11 WALL -1 0 X 0 0
21 11 WALL -1 0 X 0 0
9 6 10 9
9 6 10 9
1
