20 10
68
1 0 D -1 0 X 0 0
3 0 A -1 0 X 0 0
7 0 A -1 0 X 0 0
11 0 C -1 0 X 0 0
12 0 D -1 0 X 0 0
13 0 WALL -1 0 X 0 0
1 1 WALL -1 0 X 0 0
7 1 WALL -1 0 X 0 0
11 1 B -1 0 X 0 0
18 1 B -1 0 X 0 0
0 2 WALL -1 0 X 0 0
3 2 C -1 0 X 0 0
5 2 WALL -1 0 X 0 0
10 2 WALL -1 0 X 0 0
11 2 A -1 0 X 0 0
12 2 A -1 0 X 0 0
13 2 B -1 0 X 0 0
16 2 B -1 0 X 0 0
17 2 WALL -1 0 X 0 0
1 3 ROOT 1 1 N 0 1
2 3 A -1 0 X 0 0
5 3 WALL -1 0 X 0 0
8 3 B -1 0 X 0 0
9 3 C -1 0 X 0 0
12 3 WALL -1 0 X 0 0
13 3 D -1 0 X 0 0
1 4 C -1 0 X 0 0
4 4 B -1 0 X 0 0
5 4 C -1 0 X 0 0
6 4 D -1 0 X 0 0
7 4 D -1 0 X 0 0
9 4 A -1 0 X 0 0
10 4 C -1 0 X 0 0
12 4 WALL -1 0 X 0 0
7 5 WALL -1 0 X 0 0
9 5 C -1 0 X 0 0
10 5 A -1 0 X 0 0
12 5 D -1 0 X 0 0
13 5 D -1 0 X 0 0
14 5 C -1 0 X 0 0
15 5 B -1 0 X 0 0
18 5 C -1 0 X 0 0
6 6 D -1 0 X 0 0
7 6 WALL -1 0 X 0 0
10 6 C -1 0 X 0 0
11 6 B -1 0 X 0 0
14 6 WALL -1 0 X 0 0
17 6 A -1 0 X 0 0
18 6 ROOT 0 2 N 0 2
2 7 WALL -1 0 X 0 0
3 7 B -1 0 X 0 0
6 7 B -1 0 X 0 0
7 7 A -1 0 X 0 0
8 7 A -1 0 X 0 0
9 7 WALL -1 0 X 0 0
14 7 WALL -1 0 X 0 0
16 7 C -1 0 X 0 0
19 7 WALL -1 0 X 0 0
1 8 B -1 0 X 0 0
8 8 B -1 0 X 0 0
12 8 WALL -1 0 X 0 0
18 8 WALL -1 0 X 0 0
6 9 WALL -1 0 X 0 0
7 9 D -1 0 X 0 0
8 9 C -1 0 X 0 0
12 9 A -1 0 X 0 0
16 9 A -1 0 X 0 0
18 9 D -1 0 X 0 0
5 7 8 8
5 7 8 8
1
