16 8
36
1 0 A -1 0 X 0 0
2 0 C -1 0 X 0 0
13 0 C -1 0 X 0 0
3 1 A -1 0 X 0 0
5 1 A -1 0 X 0 0
7 1 C -1 0 X 0 0
8 1 D -1 0 X 0 0
10 1 WALL -1 0 X 0 0
12 1 WALL -1 0 X 0 0
14 1 B -1 0 X 0 0
15 1 D -1 0 X 0 0
3 2 ROOT 1 1 N 0 1
9 2 WALL -1 0 X 0 0
12 2 B -1 0 X 0 0
8 3 A -1 0 X 0 0
9 3 B -1 0 X 0 0
14 3 D -1 0 X 0 0
15 3 B -1 0 X 0 0
0 4 B -1 0 X 0 0
1 4 D -1 0 X 0 0
6 4 B -1 0 X 0 0
7 4 A -1 0 X 0 0
3 5 B -1 0 X 0 0
6 5 WALL -1 0 X 0 0
12 5 ROOT 0 2 N 0 2
0 6 D -1 0 X 0 0
1 6 B -1 0 X 0 0
3 6 WALL -1 0 X 0 0
5 6 WALL -1 0 X 0 0
7 6 D -1 0 X 0 0
8 6 C -1 0 X 0 0
10 6 A -1 0 X 0 0
12 6 A -1 0 X 0 0
2 7 C -1 0 X 0 0
13 7 C -1 0 X 0 0
14 7 A -1 0 X 0 0
4 10 3 5
4 10 3 5
1
