20 10
62
4 0 A -1 0 X 0 0
9 0 A -1 0 X 0 0
10 0 A -1 0 X 0 0
15 0 A -1 0 X 0 0
0 1 WALL -1 0 X 0 0
1 1 D -1 0 X 0 0
4 1 WALL -1 0 X 0 0
15 1 WALL -1 0 X 0 0
18 1 D -1 0 X 0 0
19 1 WALL -1 0 X 0 0
2 2 D -1 0 X 0 0
17 2 D -1 0 X 0 0
0 3 A -1 0 X 0 0
3 3 ROOT 0 1 N 0 1
5 3 C -1 0 X 0 0
6 3 B -1 0 X 0 0
13 3 B -1 0 X 0 0
14 3 C -1 0 X 0 0
16 3 ROOT 1 2 N 0 2
19 3 A -1 0 X 0 0
1 4 A -1 0 X 0 0
2 4 WALL -1 0 X 0 0
17 4 WALL -1 0 X 0 0
18 4 A -1 0 X 0 0
0 5 B -1 0 X 0 0
5 5 B -1 0 X 0 0
6 5 D -1 0 X 0 0
8 5 A -1 0 X 0 0
11 5 A -1 0 X 0 0
13 5 D -1 0 X 0 0
14 5 B -1 0 X 0 0
19 5 B -1 0 X 0 0
0 6 B -1 0 X 0 0
1 6 WALL -1 0 X 0 0
2 6 WALL -1 0 X 0 0
5 6 D -1 0 X 0 0
7 6 C -1 0 X 0 0
9 6 WALL -1 0 X 0 0
10 6 WALL -1 0 X 0 0
12 6 C -1 0 X 0 0
14 6 D -1 0 X 0 0
17 6 WALL -1 0 X 0 0
18 6 WALL -1 0 X 0 0
19 6 B -1 0 X 0 0
1 7 C -1 0 X 0 0
7 7 WALL -1 0 X 0 0
9 7 B -1 0 X 0 0
10 7 B -1 0 X 0 0
12 7 WALL -1 0 X 0 0
18 7 C -1 0 X 0 0
2 8 C -1 0 X 0 0
7 8 C -1 0 X 0 0
8 8 WALL -1 0 X 0 0
9 8 A -1 0 X 0 0
10 8 A -1 0 X 0 0
11 8 WALL -1 0 X 0 0
12 8 C -1 0 X 0 0
17 8 C -1 0 X 0 0
6 9 WALL -1 0 X 0 0
8 9 D -1 0 X 0 0
11 9 D -1 0 X 0 0
13 9 WALL -1 0 X 0 0
8 5 5 6
8 5 5 6
1
