22 11
70
3 0 B -1 0 X 0 0
7 0 D -1 0 X 0 0
8 0 B -1 0 X 0 0
9 0 A -1 0 X 0 0
14 0 A -1 0 X 0 0
17 0 WALL -1 0 X 0 0
19 0 D -1 0 X 0 0
0 1 A -1 0 X 0 0
8 1 C -1 0 X 0 0
10 1 WALL -1 0 X 0 0
13 1 C -1 0 X 0 0
14 1 A -1 0 X 0 0
6 2 WALL -1 0 X 0 0
9 2 B -1 0 X 0 0
10 2 C -1 0 X 0 0
12 2 A -1 0 X 0 0
16 2 WALL -1 0 X 0 0
17 2 C -1 0 X 0 0
18 2 WALL -1 0 X 0 0
21 2 WALL -1 0 X 0 0
0 3 ROOT 0 1 N 0 1
1 3 C -1 0 X 0 0
7 3 B -1 0 X 0 0
11 3 B -1 0 X 0 0
14 3 D -1 0 X 0 0
15 3 C -1 0 X 0 0
1 4 WALL -1 0 X 0 0
2 4 D -1 0 X 0 0
4 4 D -1 0 X 0 0
7 4 C -1 0 X 0 0
8 4 A -1 0 X 0 0
9 4 B -1 0 X 0 0
12 4 D -1 0 X 0 0
1 5 B -1 0 X 0 0
3 5 A -1 0 X 0 0
18 5 A -1 0 X 0 0
20 5 B -1 0 X 0 0
9 6 D -1 0 X 0 0
12 6 B -1 0 X 0 0
13 6 A -1 0 X 0 0
14 6 C -1 0 X 0 0
17 6 D -1 0 X 0 0
19 6 D -1 0 X 0 0
20 6 WALL -1 0 X 0 0
6 7 C -1 0 X 0 0
7 7 D -1 0 X 0 0
10 7 B -1 0 X 0 0
14 7 B -1 0 X 0 0
20 7 C -1 0 X 0 0
21 7 ROOT 1 2 N 0 2
0 8 WALL -1 0 X 0 0
3 8 WALL -1 0 X 0 0
4 8 C -1 0 X 0 0
5 8 WALL -1 0 X 0 0
9 8 A -1 0 X 0 0
11 8 C -1 0 X 0 0
12 8 B -1 0 X 0 0
15 8 WALL -1 0 X 0 0
7 9 A -1 0 X 0 0
8 9 C -1 0 X 0 0
11 9 WALL -1 0 X 0 0
13 9 C -1 0 X 0 0
21 9 A -1 0 X 0 0
2 10 D -1 0 X 0 0
4 10 WALL -1 0 X 0 0
7 10 A -1 0 X 0 0
12 10 A -1 0 X 0 0
13 10 B -1 0 X 0 0
14 10 D -1 0 X 0 0
18 10 B -1 0 X 0 0
6 9 9 6
6 9 9 6
1
