22 11
88
2 0 D -1 0 X 0 0
3 0 A -1 0 X 0 0
4 0 WALL -1 0 X 0 0
17 0 WALL -1 0 X 0 0
18 0 A -1 0 X 0 0
19 0 D -1 0 X 0 0
0 1 WALL -1 0 X 0 0
1 1 D -1 0 X 0 0
7 1 B -1 0 X 0 0
8 1 WALL -1 0 X 0 0
9 1 WALL -1 0 X 0 0
12 1 WALL -1 0 X 0 0
13 1 WALL -1 0 X 0 0
14 1 B -1 0 X 0 0
20 1 D -1 0 X 0 0
21 1 WALL -1 0 X 0 0
0 2 ROOT 1 1 N 0 1
1 2 A -1 0 X 0 0
2 2 WALL -1 0 X 0 0
5 2 D -1 0 X 0 0
8 2 D -1 0 X 0 0
9 2 B -1 0 X 0 0
10 2 WALL -1 0 X 0 0
11 2 WALL -1 0 X 0 0
12 2 B -1 0 X 0 0
13 2 D -1 0 X 0 0
16 2 D -1 0 X 0 0
19 2 WALL -1 0 X 0 0
20 2 A -1 0 X 0 0
21 2 ROOT 0 2 N 0 2
0 3 C -1 0 X 0 0
3 3 C -1 0 X 0 0
5 3 WALL -1 0 X 0 0
8 3 WALL -1 0 X 0 0
13 3 WALL -1 0 X 0 0
16 3 WALL -1 0 X 0 0
18 3 C -1 0 X 0 0
21 3 C -1 0 X 0 0
2 4 WALL -1 0 X 0 0
4 4 WALL -1 0 X 0 0
17 4 WALL -1 0 X 0 0
19 4 WALL -1 0 X 0 0
2 5 WALL -1 0 X 0 0
8 5 WALL -1 0 X 0 0
13 5 WALL -1 0 X 0 0
19 5 WALL -1 0 X 0 0
0 6 B -1 0 X 0 0
1 6 A -1 0 X 0 0
2 6 C -1 0 X 0 0
6 6 D -1 0 X 0 0
7 6 B -1 0 X 0 0
8 6 B -1 0 X 0 0
10 6 WALL -1 0 X 0 0
11 6 WALL -1 0 X 0 0
13 6 B -1 0 X 0 0
14 6 B -1 0 X 0 0
15 6 D -1 0 X 0 0
19 6 C -1 0 X 0 0
20 6 A -1 0 X 0 0
21 6 B -1 0 X 0 0
0 7 D -1 0 X 0 0
4 7 C -1 0 X 0 0
8 7 A -1 0 X 0 0
13 7 A -1 0 X 0 0
17 7 C -1 0 X 0 0
21 7 D -1 0 X 0 0
3 8 B -1 0 X 0 0
4 8 A -1 0 X 0 0
7 8 A -1 0 X 0 0
8 8 WALL -1 0 X 0 0
13 8 WALL -1 0 X 0 0
14 8 A -1 0 X 0 0
17 8 A -1 0 X 0 0
18 8 B -1 0 X 0 0
3 9 WALL -1 0 X 0 0
5 9 WALL -1 0 X 0 0
7 9 WALL -1 0 X 0 0
9 9 C -1 0 X 0 0
10 9 C -1 0 X 0 0
11 9 C -1 0 X 0 0
12 9 C -1 0 X 0 0
14 9 WALL -1 0 X 0 0
16 9 WALL -1 0 X 0 0
18 9 WALL -1 0 X 0 0
0 10 WALL -1 0 X 0 0
9 10 A -1 0 X 0 0
12 10 A -1 0 X 0 0
21 10 WALL -1 0 X 0 0
7 9 6 6
7 9 6 6
1
