18 9
56
7 0 A -1 0 X 0 0
8 0 D -1 0 X 0 0
9 0 A -1 0 X 0 0
10 0 D -1 0 X 0 0
12 0 WALL -1 0 X 0 0
13 0 B -1 0 X 0 0
15 0 WALL -1 0 X 0 0
3 1 B -1 0 X 0 0
10 1 A -1 0 X 0 0
13 1 WALL -1 0 X 0 0
14 1 B -1 0 X 0 0
0 2 C -1 0 X 0 0
2 2 WALL -1 0 X 0 0
5 2 WALL -1 0 X 0 0
9 2 C -1 0 X 0 0
0 3 C -1 0 X 0 0
3 3 ROOT 0 1 N 0 1
6 3 A -1 0 X 0 0
10 3 WALL -1 0 X 0 0
11 3 WALL -1 0 X 0 0
12 3 WALL -1 0 X 0 0
13 3 B -1 0 X 0 0
15 3 WALL -1 0 X 0 0
16 3 WALL -1 0 X 0 0
17 3 C -1 0 X 0 0
0 4 D -1 0 X 0 0
2 4 D -1 0 X 0 0
4 4 A -1 0 X 0 0
13 4 A -1 0 X 0 0
15 4 D -1 0 X 0 0
17 4 D -1 0 X 0 0
0 5 C -1 0 X 0 0
1 5 WALL -1 0 X 0 0
2 5 WALL -1 0 X 0 0
4 5 B -1 0 X 0 0
5 5 WALL -1 0 X 0 0
6 5 WALL -1 0 X 0 0
7 5 WALL -1 0 X 0 0
11 5 A -1 0 X 0 0
14 5 ROOT 1 2 N 0 2
17 5 C -1 0 X 0 0
8 6 C -1 0 X 0 0
12 6 WALL -1 0 X 0 0
15 6 WALL -1 0 X 0 0
17 6 C -1 0 X 0 0
3 7 B -1 0 X 0 0
4 7 WALL -1 0 X 0 0
7 7 A -1 0 X 0 0
14 7 B -1 0 X 0 0
2 8 WALL -1 0 X 0 0
4 8 B -1 0 X 0 0
5 8 WALL -1 0 X 0 0
7 8 D -1 0 X 0 0
8 8 A -1 0 X 0 0
9 8 D -1 0 X 0 0
10 8 A -1 0 X 0 0
8 3 6 9
8 3 6 9
1
