20 10
46
1 0 A -1 0 X 0 0
5 0 D -1 0 X 0 0
15 0 D -1 0 X 0 0
2 1 D -1 0 X 0 0
3 1 ROOT 0 1 N 0 1
9 1 A -1 0 X 0 0
13 1 A -1 0 X 0 0
5 2 C -1 0 X 0 0
8 2 C -1 0 X 0 0
10 2 B -1 0 X 0 0
11 2 D -1 0 X 0 0
12 2 WALL -1 0 X 0 0
13 2 C -1 0 X 0 0
17 2 A -1 0 X 0 0
18 2 B -1 0 X 0 0
9 3 A -1 0 X 0 0
12 3 WALL -1 0 X 0 0
14 3 B -1 0 X 0 0
0 4 B -1 0 X 0 0
4 4 C -1 0 X 0 0
7 4 C -1 0 X 0 0
14 4 B -1 0 X 0 0
15 4 WALL -1 0 X 0 0
4 5 WALL -1 0 X 0 0
5 5 B -1 0 X 0 0
12 5 C -1 0 X 0 0
15 5 C -1 0 X 0 0
19 5 B -1 0 X 0 0
5 6 B -1 0 X 0 0
7 6 WALL -1 0 X 0 0
10 6 A -1 0 X 0 0
1 7 B -1 0 X 0 0
2 7 A -1 0 X 0 0
6 7 C -1 0 X 0 0
7 7 WALL -1 0 X 0 0
8 7 D -1 0 X 0 0
9 7 B -1 0 X 0 0
11 7 C -1 0 X 0 0
14 7 C -1 0 X 0 0
6 8 A -1 0 X 0 0
10 8 A -1 0 X 0 0
16 8 ROOT 1 2 N 0 2
17 8 D -1 0 X 0 0
4 9 D -1 0 X 0 0
14 9 D -1 0 X 0 0
18 9 A -1 0 X 0 0
10 10 8 8
10 10 8 8
1
