24 12
66
2 0 D -1 0 X 0 0
3 0 ROOT 1 1 N 0 1
4 0 D -1 0 X 0 0
6 0 WALL -1 0 X 0 0
7 0 C -1 0 X 0 0
9 0 A -1 0 X 0 0
12 0 D -1 0 X 0 0
13 0 D -1 0 X 0 0
2 1 A -1 0 X 0 0
7 1 D -1 0 X 0 0
13 1 A -1 0 X 0 0
14 1 A -1 0 X 0 0
20 1 C -1 0 X 0 0
5 2 WALL -1 0 X 0 0
10 2 C -1 0 X 0 0
15 2 B -1 0 X 0 0
18 2 B -1 0 X 0 0
21 2 WALL -1 0 X 0 0
23 2 WALL -1 0 X 0 0
11 3 WALL -1 0 X 0 0
17 3 D -1 0 X 0 0
21 3 A -1 0 X 0 0
0 4 C -1 0 X 0 0
1 4 C -1 0 X 0 0
15 4 B -1 0 X 0 0
20 4 WALL -1 0 X 0 0
21 4 C -1 0 X 0 0
7 5 A -1 0 X 0 0
9 5 B -1 0 X 0 0
14 5 A -1 0 X 0 0
15 5 B -1 0 X 0 0
20 5 WALL -1 0 X 0 0
23 5 WALL -1 0 X 0 0
0 6 WALL -1 0 X 0 0
3 6 WALL -1 0 X 0 0
8 6 B -1 0 X 0 0
9 6 A -1 0 X 0 0
14 6 B -1 0 X 0 0
16 6 A -1 0 X 0 0
2 7 C -1 0 X 0 0
3 7 WALL -1 0 X 0 0
8 7 B -1 0 X 0 0
22 7 C -1 0 X 0 0
23 7 C -1 0 X 0 0
2 8 A -1 0 X 0 0
6 8 D -1 0 X 0 0
12 8 WALL -1 0 X 0 0
0 9 WALL -1 0 X 0 0
2 9 WALL -1 0 X 0 0
5 9 B -1 0 X 0 0
8 9 B -1 0 X 0 0
13 9 C -1 0 X 0 0
18 9 WALL -1 0 X 0 0
3 10 C -1 0 X 0 0
9 10 A -1 0 X 0 0
10 10 A -1 0 X 0 0
16 10 D -1 0 X 0 0
21 10 A -1 0 X 0 0
10 11 D -1 0 X 0 0
11 11 D -1 0 X 0 0
14 11 A -1 0 X 0 0
16 11 C -1 0 X 0 0
17 11 WALL -1 0 X 0 0
19 11 D -1 0 X 0 0
20 11 ROOT 0 2 N 0 2
21 11 D -1 0 X 0 0
7 5 5 4
7 5 5 4
1
