18 9
46
7 0 WALL -1 0 X 0 0
8 0 B -1 0 X 0 0
9 0 A -1 0 X 0 0
12 0 WALL -1 0 X 0 0
13 0 C -1 0 X 0 0
7 1 D -1 0 X 0 0
8 1 WALL -1 0 X 0 0
15 1 WALL -1 0 X 0 0
17 1 D -1 0 X 0 0
1 2 A -1 0 X 0 0
3 2 C -1 0 X 0 0
7 2 WALL -1 0 X 0 0
9 2 B -1 0 X 0 0
10 2 B -1 0 X 0 0
13 2 C -1 0 X 0 0
14 2 C -1 0 X 0 0
0 3 ROOT 1 1 N 0 1
5 3 A -1 0 X 0 0
9 3 WALL -1 0 X 0 0
15 3 A -1 0 X 0 0
16 3 B -1 0 X 0 0
0 4 D -1 0 X 0 0
7 4 WALL -1 0 X 0 0
10 4 WALL -1 0 X 0 0
17 4 D -1 0 X 0 0
1 5 B -1 0 X 0 0
2 5 A -1 0 X 0 0
8 5 WALL -1 0 X 0 0
12 5 A -1 0 X 0 0
17 5 ROOT 0 2 N 0 2
3 6 C -1 0 X 0 0
4 6 C -1 0 X 0 0
7 6 B -1 0 X 0 0
8 6 B -1 0 X 0 0
10 6 WALL -1 0 X 0 0
14 6 C -1 0 X 0 0
16 6 A -1 0 X 0 0
0 7 D -1 0 X 0 0
2 7 WALL -1 0 X 0 0
9 7 WALL -1 0 X 0 0
10 7 D -1 0 X 0 0
4 8 C -1 0 X 0 0
5 8 WALL -1 0 X 0 0
8 8 A -1 0 X 0 0
9 8 B -1 0 X 0 0
10 8 WALL -1 0 X 0 0
10 5 7 8
10 5 7 8
1
