16 8
44
3 0 A -1 0 X 0 0
5 0 D -1 0 X 0 0
9 0 C -1 0 X 0 0
1 1 C -1 0 X 0 0
4 1 WALL -1 0 X 0 0
10 1 WALL -1 0 X 0 0
13 1 B -1 0 X 0 0
14 1 B -1 0 X 0 0
5 2 A -1 0 X 0 0
8 2 D -1 0 X 0 0
11 2 A -1 0 X 0 0
12 2 A -1 0 X 0 0
14 2 B -1 0 X 0 0
0 3 WALL -1 0 X 0 0
1 3 WALL -1 0 X 0 0
2 3 ROOT 1 1 N 0 1
6 3 B -1 0 X 0 0
8 3 D -1 0 X 0 0
10 3 WALL -1 0 X 0 0
11 3 C -1 0 X 0 0
12 3 WALL -1 0 X 0 0
14 3 WALL -1 0 X 0 0
1 4 WALL -1 0 X 0 0
3 4 WALL -1 0 X 0 0
4 4 C -1 0 X 0 0
5 4 WALL -1 0 X 0 0
7 4 D -1 0 X 0 0
9 4 B -1 0 X 0 0
13 4 ROOT 0 2 N 0 2
14 4 WALL -1 0 X 0 0
15 4 WALL -1 0 X 0 0
1 5 B -1 0 X 0 0
3 5 A -1 0 X 0 0
4 5 A -1 0 X 0 0
7 5 D -1 0 X 0 0
10 5 A -1 0 X 0 0
1 6 B -1 0 X 0 0
2 6 B -1 0 X 0 0
5 6 WALL -1 0 X 0 0
11 6 WALL -1 0 X 0 0
14 6 C -1 0 X 0 0
6 7 C -1 0 X 0 0
10 7 D -1 0 X 0 0
12 7 A -1 0 X 0 0
8 9 10 10
8 9 10 10
1
