24 12
74
0 0 A -1 0 X 0 0
2 0 D -1 0 X 0 0
10 0 D -1 0 X 0 0
11 0 B -1 0 X 0 0
14 0 B -1 0 X 0 0
18 0 C -1 0 X 0 0
23 0 D -1 0 X 0 0
1 1 B -1 0 X 0 0
7 1 A -1 0 X 0 0
9 1 WALL -1 0 X 0 0
20 1 A -1 0 X 0 0
21 1 A -1 0 X 0 0
23 1 D -1 0 X 0 0
3 2 C -1 0 X 0 0
8 2 C -1 0 X 0 0
15 2 C -1 0 X 0 0
16 2 B -1 0 X 0 0
17 2 WALL -1 0 X 0 0
21 2 A -1 0 X 0 0
22 2 B -1 0 X 0 0
3 3 ROOT 1 1 N 0 1
4 3 A -1 0 X 0 0
8 3 B -1 0 X 0 0
13 3 D -1 0 X 0 0
15 3 B -1 0 X 0 0
17 3 C -1 0 X 0 0
21 3 A -1 0 X 0 0
22 3 A -1 0 X 0 0
0 4 D -1 0 X 0 0
8 4 B -1 0 X 0 0
9 4 A -1 0 X 0 0
12 4 D -1 0 X 0 0
15 4 B -1 0 X 0 0
20 4 C -1 0 X 0 0
5 5 WALL -1 0 X 0 0
8 5 C -1 0 X 0 0
12 5 WALL -1 0 X 0 0
11 6 WALL -1 0 X 0 0
15 6 C -1 0 X 0 0
18 6 WALL -1 0 X 0 0
3 7 C -1 0 X 0 0
8 7 B -1 0 X 0 0
11 7 D -1 0 X 0 0
14 7 A -1 0 X 0 0
15 7 B -1 0 X 0 0
23 7 D -1 0 X 0 0
1 8 A -1 0 X 0 0
2 8 A -1 0 X 0 0
6 8 C -1 0 X 0 0
8 8 B -1 0 X 0 0
10 8 D -1 0 X 0 0
15 8 B -1 0 X 0 0
19 8 A -1 0 X 0 0
20 8 ROOT 0 2 N 0 2
1 9 B -1 0 X 0 0
2 9 A -1 0 X 0 0
6 9 WALL -1 0 X 0 0
7 9 B -1 0 X 0 0
8 9 C -1 0 X 0 0
15 9 C -1 0 X 0 0
20 9 C -1 0 X 0 0
0 10 D -1 0 X 0 0
2 10 A -1 0 X 0 0
3 10 A -1 0 X 0 0
14 10 WALL -1 0 X 0 0
16 10 A -1 0 X 0 0
22 10 B -1 0 X 0 0
0 11 D -1 0 X 0 0
5 11 C -1 0 X 0 0
9 11 B -1 0 X 0 0
12 11 B -1 0 X 0 0
13 11 D -1 0 X 0 0
21 11 D -1 0 X 0 0
23 11 A -1 0 X 0 0
5 4 7 9
5 4 7 9
1
