22 11
60
0 0 A -1 0 X 0 0
11 0 WALL -1 0 X 0 0
16 0 C -1 0 X 0 0
17 0 B -1 0 X 0 0
3 1 ROOT 0 1 N 0 1
4 1 A -1 0 X 0 0
16 1 C -1 0 X 0 0
18 1 WALL -1 0 X 0 0
19 1 WALL -1 0 X 0 0
5 2 D -1 0 X 0 0
10 2 B -1 0 X 0 0
12 2 WALL -1 0 X 0 0
14 2 WALL -1 0 X 0 0
15 2 D -1 0 X 0 0
17 2 C -1 0 X 0 0
19 2 B -1 0 X 0 0
1 3 B -1 0 X 0 0
2 3 WALL -1 0 X 0 0
8 3 WALL -1 0 X 0 0
11 3 WALL -1 0 X 0 0
14 3 A -1 0 X 0 0
16 3 A -1 0 X 0 0
17 3 WALL -1 0 X 0 0
18 3 D -1 0 X 0 0
11 4 WALL -1 0 X 0 0
12 4 WALL -1 0 X 0 0
13 4 C -1 0 X 0 0
17 4 A -1 0 X 0 0
21 4 D -1 0 X 0 0
2 5 WALL -1 0 X 0 0
19 5 WALL -1 0 X 0 0
0 6 D -1 0 X 0 0
4 6 A -1 0 X 0 0
8 6 C -1 0 X 0 0
9 6 WALL -1 0 X 0 0
10 6 WALL -1 0 X 0 0
3 7 D -1 0 X 0 0
4 7 WALL -1 0 X 0 0
5 7 A -1 0 X 0 0
7 7 A -1 0 X 0 0
10 7 WALL -1 0 X 0 0
13 7 WALL -1 0 X 0 0
19 7 WALL -1 0 X 0 0
20 7 B -1 0 X 0 0
2 8 B -1 0 X 0 0
4 8 C -1 0 X 0 0
6 8 D -1 0 X 0 0
7 8 WALL -1 0 X 0 0
9 8 WALL -1 0 X 0 0
11 8 B -1 0 X 0 0
16 8 D -1 0 X 0 0
2 9 WALL -1 0 X 0 0
3 9 WALL -1 0 X 0 0
5 9 C -1 0 X 0 0
17 9 A -1 0 X 0 0
18 9 ROOT 1 2 N 0 2
4 10 B -1 0 X 0 0
5 10 C -1 0 X 0 0
10 10 WALL -1 0 X 0 0
21 10 A -1 0 X 0 0
5 9 10 9
5 9 10 9
1
