22 11
26
1 0 ROOT 1 1 N 0 1
17 0 C -1 0 X 0 0
19 0 C -1 0 X 0 0
6 1 A -1 0 X 0 0
7 1 D -1 0 X 0 0
10 1 A -1 0 X 0 0
17 1 B -1 0 X 0 0
16 2 WALL -1 0 X 0 0
2 3 D -1 0 X 0 0
6 3 WALL -1 0 X 0 0
18 3 WALL -1 0 X 0 0
14 4 A -1 0 X 0 0
15 4 B -1 0 X 0 0
6 6 B -1 0 X 0 0
7 6 A -1 0 X 0 0
3 7 WALL -1 0 X 0 0
15 7 WALL -1 0 X 0 0
19 7 D -1 0 X 0 0
5 8 WALL -1 0 X 0 0
4 9 B -1 0 X 0 0
11 9 A -1 0 X 0 0
14 9 D -1 0 X 0 0
15 9 A -1 0 X 0 0
2 10 C -1 0 X 0 0
4 10 C -1 0 X 0 0
20 10 ROOT 0 2 N 0 2
6 8 6 5
6 8 6 5
1
