20 10
60
2 0 WALL -1 0 X 0 0
3 0 C -1 0 X 0 0
7 0 A -1 0 X 0 0
13 0 B -1 0 X 0 0
3 1 D -1 0 X 0 0
4 1 D -1 0 X 0 0
9 1 WALL -1 0 X 0 0
11 1 A -1 0 X 0 0
12 1 C -1 0 X 0 0
18 1 A -1 0 X 0 0
1 2 ROOT 0 1 N 0 1
2 2 D -1 0 X 0 0
3 2 A -1 0 X 0 0
6 2 A -1 0 X 0 0
12 2 A -1 0 X 0 0
13 2 B -1 0 X 0 0
3 3 C -1 0 X 0 0
4 3 B -1 0 X 0 0
8 3 WALL -1 0 X 0 0
10 3 WALL -1 0 X 0 0
12 3 WALL -1 0 X 0 0
13 3 WALL -1 0 X 0 0
15 3 C -1 0 X 0 0
18 3 WALL -1 0 X 0 0
19 3 C -1 0 X 0 0
3 4 B -1 0 X 0 0
6 4 B -1 0 X 0 0
10 4 WALL -1 0 X 0 0
16 4 D -1 0 X 0 0
19 4 WALL -1 0 X 0 0
0 5 WALL -1 0 X 0 0
3 5 D -1 0 X 0 0
9 5 WALL -1 0 X 0 0
13 5 B -1 0 X 0 0
16 5 B -1 0 X 0 0
0 6 C -1 0 X 0 0
1 6 WALL -1 0 X 0 0
4 6 C -1 0 X 0 0
6 6 WALL -1 0 X 0 0
7 6 WALL -1 0 X 0 0
9 6 WALL -1 0 X 0 0
11 6 WALL -1 0 X 0 0
15 6 B -1 0 X 0 0
16 6 C -1 0 X 0 0
6 7 B -1 0 X 0 0
7 7 A -1 0 X 0 0
13 7 A -1 0 X 0 0
16 7 A -1 0 X 0 0
17 7 D -1 0 X 0 0
18 7 ROOT 1 2 N 0 2
1 8 A -1 0 X 0 0
7 8 C -1 0 X 0 0
8 8 A -1 0 X 0 0
10 8 WALL -1 0 X 0 0
15 8 D -1 0 X 0 0
16 8 D -1 0 X 0 0
6 9 B -1 0 X 0 0
12 9 A -1 0 X 0 0
16 9 C -1 0 X 0 0
17 9 WALL -1 0 X 0 0
9 3 7 3
9 3 7 3
1
