20 10
30
4 0 C -1 0 X 0 0
15 0 C -1 0 X 0 0
19 1 WALL -1 0 X 0 0
7 2 D -1 0 X 0 0
9 2 WALL -1 0 X 0 0
12 2 WALL -1 0 X 0 0
0 3 B -1 0 X 0 0
2 3 WALL -1 0 X 0 0
3 3 ROOT 0 1 N 0 1
4 3 A -1 0 X 0 0
6 3 D -1 0 X 0 0
17 3 B -1 0 X 0 0
7 4 A -1 0 X 0 0
12 4 WALL -1 0 X 0 0
18 4 WALL -1 0 X 0 0
1 5 WALL -1 0 X 0 0
7 5 WALL -1 0 X 0 0
12 5 A -1 0 X 0 0
2 6 B -1 0 X 0 0
13 6 D -1 0 X 0 0
15 6 A -1 0 X 0 0
16 6 ROOT 1 2 N 0 2
17 6 WALL -1 0 X 0 0
19 6 B -1 0 X 0 0
7 7 WALL -1 0 X 0 0
10 7 WALL -1 0 X 0 0
12 7 D -1 0 X 0 0
0 8 WALL -1 0 X 0 0
4 9 C -1 0 X 0 0
15 9 C -1 0 X 0 0
8 6 10 4
8 6 10 4
1
