16 8
44
1 0 ROOT 1 1 N 0 1
5 0 WALL -1 0 X 0 0
12 0 A -1 0 X 0 0
14 0 B -1 0 X 0 0
2 1 D -1 0 X 0 0
4 1 A -1 0 X 0 0
5 1 D -1 0 X 0 0
6 1 C -1 0 X 0 0
12 1 B -1 0 X 0 0
13 1 WALL -1 0 X 0 0
14 1 C -1 0 X 0 0
15 1 C -1 0 X 0 0
0 2 D -1 0 X 0 0
1 2 D -1 0 X 0 0
6 2 B -1 0 X 0 0
9 2 WALL -1 0 X 0 0
11 2 A -1 0 X 0 0
14 2 WALL -1 0 X 0 0
6 3 C -1 0 X 0 0
8 3 WALL -1 0 X 0 0
9 3 A -1 0 X 0 0
13 3 WALL -1 0 X 0 0
2 4 WALL -1 0 X 0 0
6 4 A -1 0 X 0 0
7 4 WALL -1 0 X 0 0
9 4 C -1 0 X 0 0
1 5 WALL -1 0 X 0 0
4 5 A -1 0 X 0 0
6 5 WALL -1 0 X 0 0
9 5 B -1 0 X 0 0
14 5 D -1 0 X 0 0
15 5 D -1 0 X 0 0
0 6 C -1 0 X 0 0
1 6 C -1 0 X 0 0
2 6 WALL -1 0 X 0 0
3 6 B -1 0 X 0 0
9 6 C -1 0 X 0 0
10 6 D -1 0 X 0 0
11 6 A -1 0 X 0 0
13 6 D -1 0 X 0 0
1 7 B -1 0 X 0 0
3 7 A -1 0 X 0 0
10 7 WALL -1 0 X 0 0
14 7 ROOT 0 2 N 0 2
10 8 6 6
10 8 6 6
1
