16 8
38
5 0 WALL -1 0 X 0 0
6 0 WALL -1 0 X 0 0
15 0 A -1 0 X 0 0
0 1 C -1 0 X 0 0
4 1 C -1 0 X 0 0
5 1 C -1 0 X 0 0
12 1 B -1 0 X 0 0
13 1 D -1 0 X 0 0
4 2 B -1 0 X 0 0
7 2 D -1 0 X 0 0
9 2 WALL -1 0 X 0 0
11 2 A -1 0 X 0 0
12 2 D -1 0 X 0 0
14 2 A -1 0 X 0 0
1 3 ROOT 0 1 N 0 1
7 3 B -1 0 X 0 0
9 3 B -1 0 X 0 0
11 3 WALL -1 0 X 0 0
12 3 C -1 0 X 0 0
3 4 C -1 0 X 0 0
4 4 WALL -1 0 X 0 0
6 4 B -1 0 X 0 0
8 4 B -1 0 X 0 0
14 4 ROOT 1 2 N 0 2
1 5 A -1 0 X 0 0
3 5 D -1 0 X 0 0
4 5 A -1 0 X 0 0
6 5 WALL -1 0 X 0 0
8 5 D -1 0 X 0 0
11 5 B -1 0 X 0 0
2 6 D -1 0 X 0 0
3 6 B -1 0 X 0 0
10 6 C -1 0 X 0 0
11 6 C -1 0 X 0 0
15 6 C -1 0 X 0 0
0 7 A -1 0 X 0 0
9 7 WALL -1 0 X 0 0
10 7 WALL -1 0 X 0 0
3 9 5 5
3 9 5 5
1
