24 12
70
4 0 WALL -1 0 X 0 0
9 0 A -1 0 X 0 0
10 0 C -1 0 X 0 0
13 0 B -1 0 X 0 0
16 0 WALL -1 0 X 0 0
17 0 A -1 0 X 0 0
22 0 A -1 0 X 0 0
7 1 D -1 0 X 0 0
10 1 WALL -1 0 X 0 0
15 1 WALL -1 0 X 0 0
21 1 WALL -1 0 X 0 0
2 2 WALL -1 0 X 0 0
7 2 B -1 0 X 0 0
14 2 A -1 0 X 0 0
15 2 WALL -1 0 X 0 0
19 2 C -1 0 X 0 0
21 2 A -1 0 X 0 0
22 2 C -1 0 X 0 0
2 3 ROOT 0 1 N 0 1
5 3 B -1 0 X 0 0
9 3 WALL -1 0 X 0 0
22 3 D -1 0 X 0 0
7 4 D -1 0 X 0 0
8 4 WALL -1 0 X 0 0
10 4 WALL -1 0 X 0 0
14 4 WALL -1 0 X 0 0
20 4 C -1 0 X 0 0
1 5 WALL -1 0 X 0 0
4 5 C -1 0 X 0 0
5 5 D -1 0 X 0 0
8 5 WALL -1 0 X 0 0
14 5 B -1 0 X 0 0
15 5 A -1 0 X 0 0
20 5 WALL -1 0 X 0 0
22 5 D -1 0 X 0 0
1 6 D -1 0 X 0 0
3 6 WALL -1 0 X 0 0
8 6 A -1 0 X 0 0
9 6 B -1 0 X 0 0
15 6 WALL -1 0 X 0 0
18 6 D -1 0 X 0 0
19 6 C -1 0 X 0 0
22 6 WALL -1 0 X 0 0
3 7 C -1 0 X 0 0
9 7 WALL -1 0 X 0 0
13 7 WALL -1 0 X 0 0
15 7 WALL -1 0 X 0 0
16 7 D -1 0 X 0 0
1 8 D -1 0 X 0 0
14 8 WALL -1 0 X 0 0
18 8 B -1 0 X 0 0
21 8 ROOT 1 2 N 0 2
1 9 C -1 0 X 0 0
2 9 A -1 0 X 0 0
4 9 C -1 0 X 0 0
8 9 WALL -1 0 X 0 0
9 9 A -1 0 X 0 0
16 9 B -1 0 X 0 0
21 9 WALL -1 0 X 0 0
2 10 WALL -1 0 X 0 0
8 10 WALL -1 0 X 0 0
13 10 WALL -1 0 X 0 0
16 10 D -1 0 X 0 0
1 11 A -1 0 X 0 0
6 11 A -1 0 X 0 0
7 11 WALL -1 0 X 0 0
10 11 B -1 0 X 0 0
13 11 C -1 0 X 0 0
14 11 A -1 0 X 0 0
19 11 WALL -1 0 X 0 0
4 10 9 10
4 10 9 10
1
