20 10
26
0 1 C -1 0 X 0 0
1 1 C -1 0 X 0 0
5 1 B -1 0 X 0 0
6 1 D -1 0 X 0 0
13 1 D -1 0 X 0 0
14 1 B -1 0 X 0 0
18 1 C -1 0 X 0 0
19 1 C -1 0 X 0 0
4 2 WALL -1 0 X 0 0
15 2 WALL -1 0 X 0 0
2 3 ROOT 0 1 N 0 1
8 3 WALL -1 0 X 0 0
11 3 WALL -1 0 X 0 0
17 3 ROOT 1 2 N 0 2
0 5 WALL -1 0 X 0 0
19 5 WALL -1 0 X 0 0
0 6 WALL -1 0 X 0 0
6 6 A -1 0 X 0 0
13 6 A -1 0 X 0 0
19 6 WALL -1 0 X 0 0
6 7 A -1 0 X 0 0
13 7 A -1 0 X 0 0
3 8 B -1 0 X 0 0
9 8 WALL -1 0 X 0 0
10 8 WALL -1 0 X 0 0
16 8 B -1 0 X 0 0
7 3 5 10
7 3 5 10
1
