20 10
54
1 0 B -1 0 X 0 0
2 0 B -1 0 X 0 0
3 0 A -1 0 X 0 0
10 0 D -1 0 X 0 0
13 0 C -1 0 X 0 0
14 0 WALL -1 0 X 0 0
17 0 B -1 0 X 0 0
18 0 WALL -1 0 X 0 0
2 1 ROOT 1 1 N 0 1
3 1 C -1 0 X 0 0
7 1 C -1 0 X 0 0
11 1 D -1 0 X 0 0
17 1 D -1 0 X 0 0
19 1 C -1 0 X 0 0
9 2 A -1 0 X 0 0
10 2 A -1 0 X 0 0
15 2 WALL -1 0 X 0 0
0 3 B -1 0 X 0 0
2 3 D -1 0 X 0 0
7 3 C -1 0 X 0 0
10 3 B -1 0 X 0 0
13 3 A -1 0 X 0 0
0 4 WALL -1 0 X 0 0
1 4 D -1 0 X 0 0
5 4 WALL -1 0 X 0 0
12 4 C -1 0 X 0 0
14 4 B -1 0 X 0 0
5 5 B -1 0 X 0 0
7 5 C -1 0 X 0 0
14 5 WALL -1 0 X 0 0
18 5 D -1 0 X 0 0
19 5 WALL -1 0 X 0 0
6 6 A -1 0 X 0 0
9 6 B -1 0 X 0 0
12 6 C -1 0 X 0 0
17 6 D -1 0 X 0 0
19 6 B -1 0 X 0 0
4 7 WALL -1 0 X 0 0
9 7 A -1 0 X 0 0
10 7 A -1 0 X 0 0
0 8 C -1 0 X 0 0
2 8 D -1 0 X 0 0
8 8 D -1 0 X 0 0
12 8 C -1 0 X 0 0
16 8 C -1 0 X 0 0
17 8 ROOT 0 2 N 0 2
1 9 WALL -1 0 X 0 0
2 9 B -1 0 X 0 0
5 9 WALL -1 0 X 0 0
6 9 C -1 0 X 0 0
9 9 D -1 0 X 0 0
16 9 A -1 0 X 0 0
17 9 B -1 0 X 0 0
18 9 B -1 0 X 0 0
9 5 10 10
9 5 10 10
1
