20 10
44
6 0 WALL -1 0 X 0 0
7 0 D -1 0 X 0 0
15 0 A -1 0 X 0 0
2 1 A -1 0 X 0 0
4 1 B -1 0 X 0 0
7 1 D -1 0 X 0 0
8 1 B -1 0 X 0 0
13 1 B -1 0 X 0 0
15 1 C -1 0 X 0 0
16 1 B -1 0 X 0 0
0 2 C -1 0 X 0 0
1 2 B -1 0 X 0 0
3 2 D -1 0 X 0 0
0 3 A -1 0 X 0 0
3 3 ROOT 0 1 N 0 1
7 3 A -1 0 X 0 0
11 3 C -1 0 X 0 0
17 3 D -1 0 X 0 0
19 3 D -1 0 X 0 0
10 4 C -1 0 X 0 0
15 4 A -1 0 X 0 0
17 4 C -1 0 X 0 0
2 5 C -1 0 X 0 0
4 5 A -1 0 X 0 0
9 5 C -1 0 X 0 0
0 6 D -1 0 X 0 0
2 6 D -1 0 X 0 0
8 6 C -1 0 X 0 0
12 6 A -1 0 X 0 0
16 6 ROOT 1 2 N 0 2
19 6 A -1 0 X 0 0
16 7 D -1 0 X 0 0
18 7 B -1 0 X 0 0
19 7 C -1 0 X 0 0
3 8 B -1 0 X 0 0
4 8 C -1 0 X 0 0
6 8 B -1 0 X 0 0
11 8 B -1 0 X 0 0
12 8 D -1 0 X 0 0
15 8 B -1 0 X 0 0
17 8 A -1 0 X 0 0
4 9 A -1 0 X 0 0
12 9 D -1 0 X 0 0
13 9 WALL -1 0 X 0 0
9 6 5 9
9 6 5 9
1
