20 10
26
1 1 ROOT 1 1 N 0 1
4 1 C -1 0 X 0 0
15 1 A -1 0 X 0 0
17 1 WALL -1 0 X 0 0
18 1 A -1 0 X 0 0
19 1 D -1 0 X 0 0
12 2 WALL -1 0 X 0 0
2 3 B -1 0 X 0 0
7 3 B -1 0 X 0 0
8 3 D -1 0 X 0 0
13 3 WALL -1 0 X 0 0
17 3 C -1 0 X 0 0
2 4 WALL -1 0 X 0 0
17 5 WALL -1 0 X 0 0
2 6 C -1 0 X 0 0
6 6 WALL -1 0 X 0 0
11 6 D -1 0 X 0 0
12 6 B -1 0 X 0 0
17 6 B -1 0 X 0 0
7 7 WALL -1 0 X 0 0
0 8 D -1 0 X 0 0
1 8 A -1 0 X 0 0
2 8 WALL -1 0 X 0 0
4 8 A -1 0 X 0 0
15 8 C -1 0 X 0 0
18 8 ROOT 0 2 N 0 2
7 9 7 9
7 9 7 9
1
