20 10
44
11 0 C -1 0 X 0 0
13 0 B -1 0 X 0 0
16 0 A -1 0 X 0 0
1 1 B -1 0 X 0 0
11 1 D -1 0 X 0 0
13 1 D -1 0 X 0 0
19 1 A -1 0 X 0 0
2 2 B -1 0 X 0 0
6 2 A -1 0 X 0 0
16 2 D -1 0 X 0 0
17 2 C -1 0 X 0 0
18 2 C -1 0 X 0 0
19 2 D -1 0 X 0 0
0 3 B -1 0 X 0 0
1 3 B -1 0 X 0 0
2 3 ROOT 1 1 N 0 1
7 3 D -1 0 X 0 0
9 3 A -1 0 X 0 0
10 3 C -1 0 X 0 0
16 3 C -1 0 X 0 0
19 3 A -1 0 X 0 0
12 4 WALL -1 0 X 0 0
7 5 WALL -1 0 X 0 0
0 6 A -1 0 X 0 0
3 6 C -1 0 X 0 0
9 6 C -1 0 X 0 0
10 6 A -1 0 X 0 0
12 6 D -1 0 X 0 0
17 6 ROOT 0 2 N 0 2
18 6 B -1 0 X 0 0
19 6 B -1 0 X 0 0
0 7 D -1 0 X 0 0
1 7 C -1 0 X 0 0
2 7 C -1 0 X 0 0
3 7 D -1 0 X 0 0
13 7 A -1 0 X 0 0
17 7 B -1 0 X 0 0
0 8 A -1 0 X 0 0
6 8 D -1 0 X 0 0
8 8 D -1 0 X 0 0
18 8 B -1 0 X 0 0
3 9 A -1 0 X 0 0
6 9 B -1 0 X 0 0
8 9 C -1 0 X 0 0
5 10 8 8
5 10 8 8
1
