16 8
28
0 0 ROOT 0 1 N 0 1
1 0 A -1 0 X 0 0
14 0 A -1 0 X 0 0
15 0 ROOT 1 2 N 0 2
1 1 B -1 0 X 0 0
2 1 D -1 0 X 0 0
6 1 B -1 0 X 0 0
7 1 WALL -1 0 X 0 0
8 1 WALL -1 0 X 0 0
9 1 B -1 0 X 0 0
13 1 D -1 0 X 0 0
14 1 B -1 0 X 0 0
1 4 B -1 0 X 0 0
2 4 A -1 0 X 0 0
13 4 A -1 0 X 0 0
14 4 B -1 0 X 0 0
0 5 D -1 0 X 0 0
15 5 D -1 0 X 0 0
0 6 C -1 0 X 0 0
2 6 C -1 0 X 0 0
3 6 D -1 0 X 0 0
5 6 A -1 0 X 0 0
7 6 C -1 0 X 0 0
8 6 C -1 0 X 0 0
10 6 A -1 0 X 0 0
12 6 D -1 0 X 0 0
13 6 C -1 0 X 0 0
15 6 C -1 0 X 0 0
8 10 4 9
8 10 4 9
1
