20 10
68
4 0 B -1 0 X 0 0
6 0 B -1 0 X 0 0
8 0 WALL -1 0 X 0 0
9 0 WALL -1 0 X 0 0
12 0 WALL -1 0 X 0 0
18 0 WALL -1 0 X 0 0
19 0 WALL -1 0 X 0 0
11 1 C -1 0 X 0 0
13 1 WALL -1 0 X 0 0
15 1 D -1 0 X 0 0
1 2 C -1 0 X 0 0
2 2 A -1 0 X 0 0
4 2 D -1 0 X 0 0
6 2 D -1 0 X 0 0
8 2 D -1 0 X 0 0
10 2 A -1 0 X 0 0
12 2 A -1 0 X 0 0
13 2 A -1 0 X 0 0
15 2 A -1 0 X 0 0
17 2 WALL -1 0 X 0 0
0 3 ROOT 0 1 N 0 1
3 3 A -1 0 X 0 0
7 3 B -1 0 X 0 0
9 3 C -1 0 X 0 0
11 3 C -1 0 X 0 0
12 3 D -1 0 X 0 0
15 3 WALL -1 0 X 0 0
16 3 B -1 0 X 0 0
17 3 WALL -1 0 X 0 0
18 3 B -1 0 X 0 0
19 3 WALL -1 0 X 0 0
9 4 C -1 0 X 0 0
13 4 B -1 0 X 0 0
18 4 C -1 0 X 0 0
1 5 C -1 0 X 0 0
6 5 B -1 0 X 0 0
10 5 C -1 0 X 0 0
0 6 WALL -1 0 X 0 0
1 6 B -1 0 X 0 0
2 6 WALL -1 0 X 0 0
3 6 B -1 0 X 0 0
4 6 WALL -1 0 X 0 0
7 6 D -1 0 X 0 0
8 6 C -1 0 X 0 0
10 6 C -1 0 X 0 0
12 6 B -1 0 X 0 0
16 6 A -1 0 X 0 0
19 6 ROOT 1 2 N 0 2
2 7 WALL -1 0 X 0 0
4 7 A -1 0 X 0 0
6 7 A -1 0 X 0 0
7 7 A -1 0 X 0 0
9 7 A -1 0 X 0 0
11 7 D -1 0 X 0 0
13 7 D -1 0 X 0 0
15 7 D -1 0 X 0 0
17 7 A -1 0 X 0 0
18 7 C -1 0 X 0 0
4 8 D -1 0 X 0 0
6 8 WALL -1 0 X 0 0
8 8 C -1 0 X 0 0
0 9 WALL -1 0 X 0 0
1 9 WALL -1 0 X 0 0
7 9 WALL -1 0 X 0 0
10 9 WALL -1 0 X 0 0
11 9 WALL -1 0 X 0 0
13 9 B -1 0 X 0 0
15 9 B -1 0 X 0 0
8 6 10 6
8 6 10 6
1
