20 10
60
0 0 A -1 0 X 0 0
3 0 B -1 0 X 0 0
7 0 WALL -1 0 X 0 0
8 0 B -1 0 X 0 0
11 0 B -1 0 X 0 0
12 0 WALL -1 0 X 0 0
16 0 B -1 0 X 0 0
19 0 A -1 0 X 0 0
3 1 WALL -1 0 X 0 0
5 1 C -1 0 X 0 0
9 1 B -1 0 X 0 0
10 1 B -1 0 X 0 0
14 1 C -1 0 X 0 0
16 1 WALL -1 0 X 0 0
0 2 ROOT 1 1 N 0 1
9 2 A -1 0 X 0 0
10 2 A -1 0 X 0 0
19 2 ROOT 0 2 N 0 2
0 3 WALL -1 0 X 0 0
2 3 WALL -1 0 X 0 0
5 3 B -1 0 X 0 0
8 3 C -1 0 X 0 0
9 3 C -1 0 X 0 0
10 3 C -1 0 X 0 0
11 3 C -1 0 X 0 0
14 3 B -1 0 X 0 0
17 3 WALL -1 0 X 0 0
19 3 WALL -1 0 X 0 0
0 4 B -1 0 X 0 0
1 4 C -1 0 X 0 0
3 4 D -1 0 X 0 0
7 4 A -1 0 X 0 0
12 4 A -1 0 X 0 0
16 4 D -1 0 X 0 0
18 4 C -1 0 X 0 0
19 4 B -1 0 X 0 0
9 5 A -1 0 X 0 0
10 5 A -1 0 X 0 0
1 6 D -1 0 X 0 0
5 6 C -1 0 X 0 0
7 6 B -1 0 X 0 0
12 6 B -1 0 X 0 0
14 6 C -1 0 X 0 0
18 6 D -1 0 X 0 0
3 7 WALL -1 0 X 0 0
4 7 C -1 0 X 0 0
5 7 D -1 0 X 0 0
14 7 D -1 0 X 0 0
15 7 C -1 0 X 0 0
16 7 WALL -1 0 X 0 0
2 8 A -1 0 X 0 0
6 8 A -1 0 X 0 0
13 8 A -1 0 X 0 0
17 8 A -1 0 X 0 0
2 9 D -1 0 X 0 0
3 9 D -1 0 X 0 0
8 9 WALL -1 0 X 0 0
11 9 WALL -1 0 X 0 0
16 9 D -1 0 X 0 0
17 9 D -1 0 X 0 0
4 10 6 4
4 10 6 4
1
