24 12
72
4 0 A -1 0 X 0 0
5 0 WALL -1 0 X 0 0
6 0 C -1 0 X 0 0
9 0 WALL -1 0 X 0 0
10 0 WALL -1 0 X 0 0
11 0 WALL -1 0 X 0 0
15 0 B -1 0 X 0 0
17 0 D -1 0 X 0 0
1 1 D -1 0 X 0 0
5 1 D -1 0 X 0 0
6 1 A -1 0 X 0 0
13 1 D -1 0 X 0 0
15 1 WALL -1 0 X 0 0
21 1 D -1 0 X 0 0
1 2 A -1 0 X 0 0
4 2 C -1 0 X 0 0
7 2 WALL -1 0 X 0 0
14 2 B -1 0 X 0 0
15 2 A -1 0 X 0 0
1 3 ROOT 1 1 N 0 1
2 3 C -1 0 X 0 0
4 3 A -1 0 X 0 0
7 3 B -1 0 X 0 0
10 3 WALL -1 0 X 0 0
12 3 WALL -1 0 X 0 0
15 3 WALL -1 0 X 0 0
16 3 A -1 0 X 0 0
18 3 WALL -1 0 X 0 0
23 3 WALL -1 0 X 0 0
4 4 B -1 0 X 0 0
11 4 C -1 0 X 0 0
23 4 WALL -1 0 X 0 0
1 5 WALL -1 0 X 0 0
2 5 B -1 0 X 0 0
8 5 WALL -1 0 X 0 0
15 5 WALL -1 0 X 0 0
8 6 WALL -1 0 X 0 0
15 6 WALL -1 0 X 0 0
21 6 B -1 0 X 0 0
22 6 WALL -1 0 X 0 0
0 7 WALL -1 0 X 0 0
12 7 C -1 0 X 0 0
19 7 B -1 0 X 0 0
0 8 WALL -1 0 X 0 0
5 8 WALL -1 0 X 0 0
7 8 A -1 0 X 0 0
8 8 WALL -1 0 X 0 0
11 8 WALL -1 0 X 0 0
13 8 WALL -1 0 X 0 0
16 8 B -1 0 X 0 0
19 8 A -1 0 X 0 0
21 8 C -1 0 X 0 0
22 8 ROOT 0 2 N 0 2
8 9 A -1 0 X 0 0
9 9 B -1 0 X 0 0
16 9 WALL -1 0 X 0 0
19 9 C -1 0 X 0 0
22 9 A -1 0 X 0 0
2 10 D -1 0 X 0 0
8 10 WALL -1 0 X 0 0
10 10 D -1 0 X 0 0
17 10 A -1 0 X 0 0
18 10 D -1 0 X 0 0
22 10 D -1 0 X 0 0
6 11 D -1 0 X 0 0
8 11 B -1 0 X 0 0
12 11 WALL -1 0 X 0 0
13 11 WALL -1 0 X 0 0
14 11 WALL -1 0 X 0 0
17 11 C -1 0 X 0 0
18 11 WALL -1 0 X 0 0
19 11 A -1 0 X 0 0
7 9 3 8
7 9 3 8
1
