24 12
104
3 0 ROOT 1 1 N 0 1
4 0 A -1 0 X 0 0
7 0 A -1 0 X 0 0
8 0 A -1 0 X 0 0
10 0 WALL -1 0 X 0 0
11 0 WALL -1 0 X 0 0
13 0 D -1 0 X 0 0
15 0 WALL -1 0 X 0 0
19 0 D -1 0 X 0 0
22 0 A -1 0 X 0 0
23 0 WALL -1 0 X 0 0
0 1 WALL -1 0 X 0 0
3 1 B -1 0 X 0 0
8 1 B -1 0 X 0 0
9 1 D -1 0 X 0 0
16 1 WALL -1 0 X 0 0
17 1 D -1 0 X 0 0
19 1 WALL -1 0 X 0 0
20 1 C -1 0 X 0 0
22 1 WALL -1 0 X 0 0
6 2 WALL -1 0 X 0 0
10 2 C -1 0 X 0 0
13 2 D -1 0 X 0 0
14 2 D -1 0 X 0 0
17 2 A -1 0 X 0 0
19 2 B -1 0 X 0 0
20 2 WALL -1 0 X 0 0
21 2 A -1 0 X 0 0
0 3 B -1 0 X 0 0
2 3 C -1 0 X 0 0
9 3 WALL -1 0 X 0 0
12 3 C -1 0 X 0 0
21 3 WALL -1 0 X 0 0
22 3 C -1 0 X 0 0
2 4 A -1 0 X 0 0
5 4 A -1 0 X 0 0
6 4 WALL -1 0 X 0 0
7 4 B -1 0 X 0 0
8 4 WALL -1 0 X 0 0
9 4 WALL -1 0 X 0 0
10 4 B -1 0 X 0 0
15 4 B -1 0 X 0 0
19 4 C -1 0 X 0 0
20 4 B -1 0 X 0 0
21 4 WALL -1 0 X 0 0
1 5 D -1 0 X 0 0
3 5 A -1 0 X 0 0
6 5 C -1 0 X 0 0
16 5 D -1 0 X 0 0
17 5 C -1 0 X 0 0
19 5 B -1 0 X 0 0
23 5 D -1 0 X 0 0
0 6 D -1 0 X 0 0
4 6 B -1 0 X 0 0
6 6 C -1 0 X 0 0
7 6 D -1 0 X 0 0
17 6 C -1 0 X 0 0
20 6 A -1 0 X 0 0
22 6 D -1 0 X 0 0
2 7 WALL -1 0 X 0 0
3 7 B -1 0 X 0 0
4 7 C -1 0 X 0 0
8 7 B -1 0 X 0 0
13 7 B -1 0 X 0 0
14 7 WALL -1 0 X 0 0
15 7 WALL -1 0 X 0 0
16 7 B -1 0 X 0 0
17 7 WALL -1 0 X 0 0
18 7 A -1 0 X 0 0
21 7 A -1 0 X 0 0
1 8 C -1 0 X 0 0
2 8 WALL -1 0 X 0 0
11 8 C -1 0 X 0 0
14 8 WALL -1 0 X 0 0
21 8 C -1 0 X 0 0
23 8 B -1 0 X 0 0
2 9 A -1 0 X 0 0
3 9 WALL -1 0 X 0 0
4 9 B -1 0 X 0 0
6 9 A -1 0 X 0 0
9 9 D -1 0 X 0 0
10 9 D -1 0 X 0 0
13 9 C -1 0 X 0 0
17 9 WALL -1 0 X 0 0
1 10 WALL -1 0 X 0 0
3 10 C -1 0 X 0 0
4 10 WALL -1 0 X 0 0
6 10 D -1 0 X 0 0
7 10 WALL -1 0 X 0 0
14 10 D -1 0 X 0 0
15 10 B -1 0 X 0 0
20 10 B -1 0 X 0 0
23 10 WALL -1 0 X 0 0
0 11 WALL -1 0 X 0 0
1 11 A -1 0 X 0 0
4 11 D -1 0 X 0 0
8 11 WALL -1 0 X 0 0
10 11 D -1 0 X 0 0
12 11 WALL -1 0 X 0 0
13 11 WALL -1 0 X 0 0
15 11 A -1 0 X 0 0
16 11 A -1 0 X 0 0
19 11 A -1 0 X 0 0
20 11 ROOT 0 2 N 0 2
5 3 8 9
5 3 8 9
1
