18 9
68
0 0 WALL -1 0 X 0 0
1 0 B -1 0 X 0 0
2 0 A -1 0 X 0 0
9 0 D -1 0 X 0 0
12 0 B -1 0 X 0 0
16 0 D -1 0 X 0 0
17 0 WALL -1 0 X 0 0
2 1 WALL -1 0 X 0 0
7 1 WALL -1 0 X 0 0
11 1 C -1 0 X 0 0
13 1 WALL -1 0 X 0 0
14 1 A -1 0 X 0 0
15 1 WALL -1 0 X 0 0
1 2 B -1 0 X 0 0
3 2 C -1 0 X 0 0
5 2 A -1 0 X 0 0
6 2 WALL -1 0 X 0 0
7 2 D -1 0 X 0 0
11 2 B -1 0 X 0 0
12 2 WALL -1 0 X 0 0
13 2 B -1 0 X 0 0
14 2 A -1 0 X 0 0
17 2 D -1 0 X 0 0
1 3 ROOT 0 1 N 0 1
3 3 A -1 0 X 0 0
6 3 C -1 0 X 0 0
8 3 C -1 0 X 0 0
13 3 WALL -1 0 X 0 0
16 3 WALL -1 0 X 0 0
0 4 WALL -1 0 X 0 0
1 4 WALL -1 0 X 0 0
2 4 WALL -1 0 X 0 0
5 4 D -1 0 X 0 0
6 4 C -1 0 X 0 0
11 4 C -1 0 X 0 0
12 4 D -1 0 X 0 0
15 4 WALL -1 0 X 0 0
16 4 WALL -1 0 X 0 0
17 4 WALL -1 0 X 0 0
1 5 WALL -1 0 X 0 0
4 5 WALL -1 0 X 0 0
9 5 C -1 0 X 0 0
11 5 C -1 0 X 0 0
14 5 A -1 0 X 0 0
16 5 ROOT 1 2 N 0 2
0 6 D -1 0 X 0 0
3 6 A -1 0 X 0 0
4 6 B -1 0 X 0 0
5 6 WALL -1 0 X 0 0
6 6 B -1 0 X 0 0
10 6 D -1 0 X 0 0
11 6 WALL -1 0 X 0 0
12 6 A -1 0 X 0 0
14 6 C -1 0 X 0 0
16 6 B -1 0 X 0 0
2 7 WALL -1 0 X 0 0
3 7 A -1 0 X 0 0
4 7 WALL -1 0 X 0 0
6 7 C -1 0 X 0 0
10 7 WALL -1 0 X 0 0
15 7 WALL -1 0 X 0 0
0 8 WALL -1 0 X 0 0
1 8 D -1 0 X 0 0
5 8 B -1 0 X 0 0
8 8 D -1 0 X 0 0
15 8 A -1 0 X 0 0
16 8 B -1 0 X 0 0
17 8 WALL -1 0 X 0 0
10 6 8 9
10 6 8 9
1
