18 9
38
4 0 D -1 0 X 0 0
10 0 WALL -1 0 X 0 0
1 1 ROOT 0 1 N 0 1
3 1 C -1 0 X 0 0
10 1 B -1 0 X 0 0
11 1 D -1 0 X 0 0
0 2 A -1 0 X 0 0
5 2 A -1 0 X 0 0
11 2 C -1 0 X 0 0
16 2 D -1 0 X 0 0
1 3 C -1 0 X 0 0
4 3 B -1 0 X 0 0
7 3 A -1 0 X 0 0
9 3 C -1 0 X 0 0
17 3 B -1 0 X 0 0
1 4 WALL -1 0 X 0 0
2 4 A -1 0 X 0 0
3 4 WALL -1 0 X 0 0
7 4 B -1 0 X 0 0
10 4 B -1 0 X 0 0
14 4 WALL -1 0 X 0 0
15 4 A -1 0 X 0 0
16 4 WALL -1 0 X 0 0
0 5 B -1 0 X 0 0
8 5 C -1 0 X 0 0
10 5 A -1 0 X 0 0
13 5 B -1 0 X 0 0
16 5 C -1 0 X 0 0
1 6 D -1 0 X 0 0
6 6 C -1 0 X 0 0
12 6 A -1 0 X 0 0
17 6 A -1 0 X 0 0
6 7 D -1 0 X 0 0
7 7 B -1 0 X 0 0
14 7 C -1 0 X 0 0
16 7 ROOT 1 2 N 0 2
7 8 WALL -1 0 X 0 0
13 8 D -1 0 X 0 0
8 6 4 8
8 6 4 8
1
