16 8
28
3 0 B -1 0 X 0 0
8 0 C -1 0 X 0 0
11 0 A -1 0 X 0 0
0 1 ROOT 0 1 N 0 1
1 1 WALL -1 0 X 0 0
9 1 D -1 0 X 0 0
10 1 B -1 0 X 0 0
13 1 A -1 0 X 0 0
15 1 C -1 0 X 0 0
11 2 A -1 0 X 0 0
12 2 D -1 0 X 0 0
4 3 B -1 0 X 0 0
10 3 WALL -1 0 X 0 0
12 3 C -1 0 X 0 0
3 4 C -1 0 X 0 0
5 4 WALL -1 0 X 0 0
11 4 B -1 0 X 0 0
3 5 D -1 0 X 0 0
4 5 A -1 0 X 0 0
0 6 C -1 0 X 0 0
2 6 A -1 0 X 0 0
5 6 B -1 0 X 0 0
6 6 D -1 0 X 0 0
14 6 WALL -1 0 X 0 0
15 6 ROOT 1 2 N 0 2
4 7 A -1 0 X 0 0
7 7 C -1 0 X 0 0
12 7 B -1 0 X 0 0
4 9 6 8
4 9 6 8
1
