18 9
50
4 0 B -1 0 X 0 0
7 0 C -1 0 X 0 0
11 0 C -1 0 X 0 0
12 0 WALL -1 0 X 0 0
14 0 D -1 0 X 0 0
16 0 WALL -1 0 X 0 0
0 1 WALL -1 0 X 0 0
8 1 A -1 0 X 0 0
15 1 B -1 0 X 0 0
1 2 B -1 0 X 0 0
4 2 WALL -1 0 X 0 0
6 2 A -1 0 X 0 0
11 2 B -1 0 X 0 0
12 2 A -1 0 X 0 0
13 2 D -1 0 X 0 0
16 2 D -1 0 X 0 0
0 3 ROOT 0 1 N 0 1
1 3 D -1 0 X 0 0
5 3 C -1 0 X 0 0
6 3 C -1 0 X 0 0
7 3 D -1 0 X 0 0
8 3 A -1 0 X 0 0
11 3 C -1 0 X 0 0
16 3 B -1 0 X 0 0
2 4 WALL -1 0 X 0 0
15 4 WALL -1 0 X 0 0
1 5 B -1 0 X 0 0
6 5 C -1 0 X 0 0
9 5 A -1 0 X 0 0
10 5 D -1 0 X 0 0
11 5 C -1 0 X 0 0
12 5 C -1 0 X 0 0
16 5 D -1 0 X 0 0
17 5 ROOT 1 2 N 0 2
1 6 D -1 0 X 0 0
4 6 D -1 0 X 0 0
5 6 A -1 0 X 0 0
6 6 B -1 0 X 0 0
11 6 A -1 0 X 0 0
13 6 WALL -1 0 X 0 0
16 6 B -1 0 X 0 0
2 7 B -1 0 X 0 0
9 7 A -1 0 X 0 0
17 7 WALL -1 0 X 0 0
1 8 WALL -1 0 X 0 0
3 8 D -1 0 X 0 0
5 8 WALL -1 0 X 0 0
6 8 C -1 0 X 0 0
10 8 C -1 0 X 0 0
13 8 B -1 0 X 0 0
6 4 4 5
6 4 4 5
1
