24 12
88
6 0 WALL -1 0 X 0 0
14 0 D -1 0 X 0 0
20 0 A -1 0 X 0 0
22 0 WALL -1 0 X 0 0
0 1 B -1 0 X 0 0
7 1 WALL -1 0 X 0 0
11 1 WALL -1 0 X 0 0
12 1 B -1 0 X 0 0
18 1 B -1 0 X 0 0
20 1 C -1 0 X 0 0
23 1 C -1 0 X 0 0
0 2 ROOT 1 1 N 0 1
7 2 B -1 0 X 0 0
9 2 WALL -1 0 X 0 0
10 2 C -1 0 X 0 0
11 2 D -1 0 X 0 0
12 2 WALL -1 0 X 0 0
15 2 A -1 0 X 0 0
16 2 A -1 0 X 0 0
21 2 D -1 0 X 0 0
0 3 WALL -1 0 X 0 0
1 3 WALL -1 0 X 0 0
3 3 B -1 0 X 0 0
5 3 WALL -1 0 X 0 0
10 3 B -1 0 X 0 0
14 3 WALL -1 0 X 0 0
15 3 WALL -1 0 X 0 0
18 3 C -1 0 X 0 0
19 3 A -1 0 X 0 0
23 3 D -1 0 X 0 0
4 4 WALL -1 0 X 0 0
11 4 C -1 0 X 0 0
13 4 WALL -1 0 X 0 0
15 4 B -1 0 X 0 0
16 4 WALL -1 0 X 0 0
21 4 C -1 0 X 0 0
3 5 WALL -1 0 X 0 0
6 5 A -1 0 X 0 0
8 5 A -1 0 X 0 0
10 5 WALL -1 0 X 0 0
12 5 WALL -1 0 X 0 0
13 5 WALL -1 0 X 0 0
15 5 D -1 0 X 0 0
16 5 A -1 0 X 0 0
7 6 A -1 0 X 0 0
8 6 D -1 0 X 0 0
10 6 WALL -1 0 X 0 0
11 6 WALL -1 0 X 0 0
13 6 WALL -1 0 X 0 0
15 6 A -1 0 X 0 0
17 6 A -1 0 X 0 0
20 6 WALL -1 0 X 0 0
2 7 C -1 0 X 0 0
7 7 WALL -1 0 X 0 0
8 7 B -1 0 X 0 0
10 7 WALL -1 0 X 0 0
12 7 C -1 0 X 0 0
19 7 WALL -1 0 X 0 0
0 8 D -1 0 X 0 0
4 8 A -1 0 X 0 0
5 8 C -1 0 X 0 0
8 8 WALL -1 0 X 0 0
9 8 WALL -1 0 X 0 0
13 8 B -1 0 X 0 0
18 8 WALL -1 0 X 0 0
20 8 B -1 0 X 0 0
22 8 WALL -1 0 X 0 0
23 8 WALL -1 0 X 0 0
2 9 D -1 0 X 0 0
7 9 A -1 0 X 0 0
8 9 A -1 0 X 0 0
11 9 WALL -1 0 X 0 0
12 9 D -1 0 X 0 0
13 9 C -1 0 X 0 0
14 9 WALL -1 0 X 0 0
16 9 B -1 0 X 0 0
23 9 ROOT 0 2 N 0 2
0 10 C -1 0 X 0 0
3 10 C -1 0 X 0 0
5 10 B -1 0 X 0 0
11 10 B -1 0 X 0 0
12 10 WALL -1 0 X 0 0
16 10 WALL -1 0 X 0 0
23 10 B -1 0 X 0 0
1 11 WALL -1 0 X 0 0
3 11 A -1 0 X 0 0
9 11 D -1 0 X 0 0
17 11 WALL -1 0 X 0 0
5 4 9 4
5 4 9 4
1
