16 8
34
1 0 C -1 0 X 0 0
3 0 ROOT 0 1 N 0 1
12 0 ROOT 1 2 N 0 2
14 0 C -1 0 X 0 0
7 1 WALL -1 0 X 0 0
8 1 WALL -1 0 X 0 0
0 2 D -1 0 X 0 0
5 2 C -1 0 X 0 0
6 2 A -1 0 X 0 0
9 2 A -1 0 X 0 0
10 2 C -1 0 X 0 0
15 2 D -1 0 X 0 0
2 4 B -1 0 X 0 0
6 4 D -1 0 X 0 0
9 4 D -1 0 X 0 0
13 4 B -1 0 X 0 0
0 5 WALL -1 0 X 0 0
2 5 B -1 0 X 0 0
5 5 B -1 0 X 0 0
7 5 A -1 0 X 0 0
8 5 A -1 0 X 0 0
10 5 B -1 0 X 0 0
13 5 B -1 0 X 0 0
15 5 WALL -1 0 X 0 0
1 6 C -1 0 X 0 0
2 6 WALL -1 0 X 0 0
4 6 WALL -1 0 X 0 0
7 6 A -1 0 X 0 0
8 6 A -1 0 X 0 0
11 6 WALL -1 0 X 0 0
13 6 WALL -1 0 X 0 0
14 6 C -1 0 X 0 0
7 7 D -1 0 X 0 0
8 7 D -1 0 X 0 0
10 10 8 3
10 10 8 3
1
