20 10
52
6 0 A -1 0 X 0 0
12 0 C -1 0 X 0 0
18 0 WALL -1 0 X 0 0
4 1 D -1 0 X 0 0
15 1 WALL -1 0 X 0 0
17 1 B -1 0 X 0 0
0 2 ROOT 1 1 N 0 1
1 2 A -1 0 X 0 0
2 2 WALL -1 0 X 0 0
3 2 B -1 0 X 0 0
8 2 WALL -1 0 X 0 0
14 2 A -1 0 X 0 0
17 2 WALL -1 0 X 0 0
19 2 C -1 0 X 0 0
0 3 B -1 0 X 0 0
7 3 D -1 0 X 0 0
12 3 A -1 0 X 0 0
18 3 B -1 0 X 0 0
19 3 B -1 0 X 0 0
3 4 C -1 0 X 0 0
5 4 D -1 0 X 0 0
6 4 WALL -1 0 X 0 0
10 4 WALL -1 0 X 0 0
11 4 A -1 0 X 0 0
16 4 WALL -1 0 X 0 0
18 4 C -1 0 X 0 0
1 5 C -1 0 X 0 0
3 5 WALL -1 0 X 0 0
8 5 A -1 0 X 0 0
9 5 WALL -1 0 X 0 0
13 5 WALL -1 0 X 0 0
14 5 D -1 0 X 0 0
16 5 C -1 0 X 0 0
0 6 B -1 0 X 0 0
1 6 B -1 0 X 0 0
7 6 A -1 0 X 0 0
12 6 D -1 0 X 0 0
19 6 B -1 0 X 0 0
0 7 C -1 0 X 0 0
2 7 WALL -1 0 X 0 0
5 7 A -1 0 X 0 0
11 7 WALL -1 0 X 0 0
16 7 B -1 0 X 0 0
17 7 WALL -1 0 X 0 0
18 7 A -1 0 X 0 0
19 7 ROOT 0 2 N 0 2
2 8 B -1 0 X 0 0
4 8 WALL -1 0 X 0 0
15 8 D -1 0 X 0 0
1 9 WALL -1 0 X 0 0
7 9 C -1 0 X 0 0
13 9 A -1 0 X 0 0
8 10 6 6
8 10 6 6
1
