22 11
56
0 0 B -1 0 X 0 0
6 0 B -1 0 X 0 0
7 0 C -1 0 X 0 0
9 0 A -1 0 X 0 0
16 0 D -1 0 X 0 0
18 0 A -1 0 X 0 0
20 0 B -1 0 X 0 0
21 0 C -1 0 X 0 0
1 1 D -1 0 X 0 0
5 1 D -1 0 X 0 0
6 1 WALL -1 0 X 0 0
19 1 A -1 0 X 0 0
2 2 D -1 0 X 0 0
8 2 C -1 0 X 0 0
9 2 A -1 0 X 0 0
14 2 B -1 0 X 0 0
16 2 A -1 0 X 0 0
19 2 C -1 0 X 0 0
0 3 A -1 0 X 0 0
1 3 ROOT 0 1 N 0 1
8 3 B -1 0 X 0 0
10 3 D -1 0 X 0 0
1 4 B -1 0 X 0 0
21 4 A -1 0 X 0 0
2 5 D -1 0 X 0 0
5 5 C -1 0 X 0 0
8 5 WALL -1 0 X 0 0
9 5 C -1 0 X 0 0
12 5 C -1 0 X 0 0
13 5 WALL -1 0 X 0 0
16 5 C -1 0 X 0 0
19 5 D -1 0 X 0 0
0 6 A -1 0 X 0 0
20 6 B -1 0 X 0 0
11 7 D -1 0 X 0 0
13 7 B -1 0 X 0 0
20 7 ROOT 1 2 N 0 2
21 7 A -1 0 X 0 0
2 8 C -1 0 X 0 0
5 8 A -1 0 X 0 0
7 8 B -1 0 X 0 0
12 8 A -1 0 X 0 0
13 8 C -1 0 X 0 0
19 8 D -1 0 X 0 0
2 9 A -1 0 X 0 0
15 9 WALL -1 0 X 0 0
16 9 D -1 0 X 0 0
20 9 D -1 0 X 0 0
0 10 C -1 0 X 0 0
1 10 B -1 0 X 0 0
3 10 A -1 0 X 0 0
5 10 D -1 0 X 0 0
12 10 A -1 0 X 0 0
14 10 C -1 0 X 0 0
15 10 B -1 0 X 0 0
21 10 B -1 0 X 0 0
8 9 8 4
8 9 8 4
1
