22 11
84
2 0 WALL -1 0 X 0 0
3 0 WALL -1 0 X 0 0
9 0 WALL -1 0 X 0 0
10 0 D -1 0 X 0 0
11 0 A -1 0 X 0 0
12 0 B -1 0 X 0 0
14 0 WALL -1 0 X 0 0
20 0 B -1 0 X 0 0
0 1 WALL -1 0 X 0 0
1 1 C -1 0 X 0 0
3 1 B -1 0 X 0 0
4 1 D -1 0 X 0 0
8 1 A -1 0 X 0 0
9 1 A -1 0 X 0 0
10 1 D -1 0 X 0 0
12 1 A -1 0 X 0 0
13 1 A -1 0 X 0 0
19 1 C -1 0 X 0 0
21 1 WALL -1 0 X 0 0
0 2 ROOT 0 1 N 0 1
3 2 WALL -1 0 X 0 0
5 2 B -1 0 X 0 0
9 2 WALL -1 0 X 0 0
14 2 C -1 0 X 0 0
15 2 A -1 0 X 0 0
17 2 WALL -1 0 X 0 0
0 3 WALL -1 0 X 0 0
7 3 C -1 0 X 0 0
8 3 C -1 0 X 0 0
9 3 D -1 0 X 0 0
10 3 WALL -1 0 X 0 0
12 3 C -1 0 X 0 0
13 3 B -1 0 X 0 0
15 3 B -1 0 X 0 0
16 3 D -1 0 X 0 0
20 3 WALL -1 0 X 0 0
8 4 D -1 0 X 0 0
14 4 WALL -1 0 X 0 0
15 4 C -1 0 X 0 0
16 4 C -1 0 X 0 0
18 4 D -1 0 X 0 0
21 4 A -1 0 X 0 0
0 6 A -1 0 X 0 0
3 6 D -1 0 X 0 0
5 6 C -1 0 X 0 0
6 6 C -1 0 X 0 0
7 6 WALL -1 0 X 0 0
13 6 D -1 0 X 0 0
1 7 WALL -1 0 X 0 0
5 7 D -1 0 X 0 0
6 7 B -1 0 X 0 0
8 7 B -1 0 X 0 0
9 7 C -1 0 X 0 0
11 7 WALL -1 0 X 0 0
12 7 D -1 0 X 0 0
13 7 C -1 0 X 0 0
14 7 C -1 0 X 0 0
21 7 WALL -1 0 X 0 0
4 8 WALL -1 0 X 0 0
6 8 A -1 0 X 0 0
7 8 C -1 0 X 0 0
12 8 WALL -1 0 X 0 0
16 8 B -1 0 X 0 0
18 8 WALL -1 0 X 0 0
21 8 ROOT 1 2 N 0 2
0 9 WALL -1 0 X 0 0
2 9 C -1 0 X 0 0
8 9 A -1 0 X 0 0
9 9 A -1 0 X 0 0
11 9 D -1 0 X 0 0
12 9 A -1 0 X 0 0
13 9 A -1 0 X 0 0
17 9 D -1 0 X 0 0
18 9 B -1 0 X 0 0
20 9 C -1 0 X 0 0
21 9 WALL -1 0 X 0 0
1 10 B -1 0 X 0 0
7 10 WALL -1 0 X 0 0
9 10 B -1 0 X 0 0
10 10 A -1 0 X 0 0
11 10 D -1 0 X 0 0
12 10 WALL -1 0 X 0 0
18 10 WALL -1 0 X 0 0
19 10 WALL -1 0 X 0 0
10 10 9 5
10 10 9 5
1
