18 9
64
0 0 ROOT 1 1 N 0 1
3 0 B -1 0 X 0 0
4 0 WALL -1 0 X 0 0
8 0 C -1 0 X 0 0
9 0 WALL -1 0 X 0 0
10 0 WALL -1 0 X 0 0
12 0 WALL -1 0 X 0 0
14 0 WALL -1 0 X 0 0
15 0 WALL -1 0 X 0 0
6 1 D -1 0 X 0 0
8 1 WALL -1 0 X 0 0
10 1 A -1 0 X 0 0
12 1 WALL -1 0 X 0 0
13 1 C -1 0 X 0 0
15 1 WALL -1 0 X 0 0
0 2 WALL -1 0 X 0 0
4 2 D -1 0 X 0 0
8 2 C -1 0 X 0 0
11 2 B -1 0 X 0 0
15 2 A -1 0 X 0 0
16 2 B -1 0 X 0 0
0 3 B -1 0 X 0 0
1 3 A -1 0 X 0 0
4 3 B -1 0 X 0 0
5 3 C -1 0 X 0 0
8 3 WALL -1 0 X 0 0
12 3 D -1 0 X 0 0
14 3 WALL -1 0 X 0 0
16 3 D -1 0 X 0 0
17 3 A -1 0 X 0 0
5 4 C -1 0 X 0 0
8 4 A -1 0 X 0 0
9 4 A -1 0 X 0 0
12 4 C -1 0 X 0 0
0 5 A -1 0 X 0 0
1 5 D -1 0 X 0 0
3 5 WALL -1 0 X 0 0
5 5 D -1 0 X 0 0
9 5 WALL -1 0 X 0 0
12 5 C -1 0 X 0 0
13 5 B -1 0 X 0 0
16 5 A -1 0 X 0 0
17 5 B -1 0 X 0 0
1 6 B -1 0 X 0 0
2 6 A -1 0 X 0 0
6 6 B -1 0 X 0 0
9 6 C -1 0 X 0 0
13 6 D -1 0 X 0 0
17 6 WALL -1 0 X 0 0
2 7 WALL -1 0 X 0 0
4 7 C -1 0 X 0 0
5 7 WALL -1 0 X 0 0
7 7 A -1 0 X 0 0
9 7 WALL -1 0 X 0 0
11 7 D -1 0 X 0 0
2 8 WALL -1 0 X 0 0
3 8 WALL -1 0 X 0 0
5 8 WALL -1 0 X 0 0
7 8 WALL -1 0 X 0 0
8 8 WALL -1 0 X 0 0
9 8 C -1 0 X 0 0
13 8 WALL -1 0 X 0 0
14 8 B -1 0 X 0 0
17 8 ROOT 0 2 N 0 2
4 3 8 7
4 3 8 7
1
