18 9
34
1 0 C -1 0 X 0 0
16 0 C -1 0 X 0 0
2 1 D -1 0 X 0 0
15 1 D -1 0 X 0 0
0 2 A -1 0 X 0 0
1 2 B -1 0 X 0 0
2 2 C -1 0 X 0 0
4 2 A -1 0 X 0 0
7 2 D -1 0 X 0 0
10 2 D -1 0 X 0 0
13 2 A -1 0 X 0 0
15 2 C -1 0 X 0 0
16 2 B -1 0 X 0 0
17 2 A -1 0 X 0 0
3 3 ROOT 0 1 N 0 1
5 3 D -1 0 X 0 0
8 3 C -1 0 X 0 0
9 3 C -1 0 X 0 0
12 3 D -1 0 X 0 0
14 3 ROOT 1 2 N 0 2
2 5 WALL -1 0 X 0 0
7 5 C -1 0 X 0 0
10 5 C -1 0 X 0 0
15 5 WALL -1 0 X 0 0
4 6 D -1 0 X 0 0
5 6 A -1 0 X 0 0
12 6 A -1 0 X 0 0
13 6 D -1 0 X 0 0
2 8 B -1 0 X 0 0
4 8 WALL -1 0 X 0 0
7 8 B -1 0 X 0 0
10 8 B -1 0 X 0 0
13 8 WALL -1 0 X 0 0
15 8 B -1 0 X 0 0
5 4 6 3
5 4 6 3
1
