22 11
88
3 0 ROOT 1 1 N 0 1
6 0 WALL -1 0 X 0 0
8 0 B -1 0 X 0 0
10 0 WALL -1 0 X 0 0
11 0 WALL -1 0 X 0 0
13 0 B -1 0 X 0 0
15 0 WALL -1 0 X 0 0
18 0 ROOT 0 2 N 0 2
5 1 WALL -1 0 X 0 0
8 1 B -1 0 X 0 0
13 1 B -1 0 X 0 0
16 1 WALL -1 0 X 0 0
0 2 WALL -1 0 X 0 0
3 2 D -1 0 X 0 0
4 2 D -1 0 X 0 0
6 2 WALL -1 0 X 0 0
8 2 WALL -1 0 X 0 0
9 2 B -1 0 X 0 0
12 2 B -1 0 X 0 0
13 2 WALL -1 0 X 0 0
15 2 WALL -1 0 X 0 0
17 2 D -1 0 X 0 0
18 2 D -1 0 X 0 0
21 2 WALL -1 0 X 0 0
5 3 WALL -1 0 X 0 0
6 3 D -1 0 X 0 0
9 3 WALL -1 0 X 0 0
12 3 WALL -1 0 X 0 0
15 3 D -1 0 X 0 0
16 3 WALL -1 0 X 0 0
9 4 D -1 0 X 0 0
10 4 B -1 0 X 0 0
11 4 B -1 0 X 0 0
12 4 D -1 0 X 0 0
2 5 B -1 0 X 0 0
4 5 C -1 0 X 0 0
5 5 B -1 0 X 0 0
9 5 WALL -1 0 X 0 0
10 5 A -1 0 X 0 0
11 5 A -1 0 X 0 0
12 5 WALL -1 0 X 0 0
16 5 B -1 0 X 0 0
17 5 C -1 0 X 0 0
19 5 B -1 0 X 0 0
0 6 C -1 0 X 0 0
1 6 WALL -1 0 X 0 0
3 6 C -1 0 X 0 0
5 6 WALL -1 0 X 0 0
6 6 A -1 0 X 0 0
8 6 A -1 0 X 0 0
13 6 A -1 0 X 0 0
15 6 A -1 0 X 0 0
16 6 WALL -1 0 X 0 0
18 6 C -1 0 X 0 0
20 6 WALL -1 0 X 0 0
21 6 C -1 0 X 0 0
1 7 C -1 0 X 0 0
4 7 D -1 0 X 0 0
5 7 A -1 0 X 0 0
7 7 A -1 0 X 0 0
9 7 C -1 0 X 0 0
12 7 C -1 0 X 0 0
14 7 A -1 0 X 0 0
16 7 A -1 0 X 0 0
17 7 D -1 0 X 0 0
20 7 C -1 0 X 0 0
0 8 A -1 0 X 0 0
6 8 A -1 0 X 0 0
7 8 D -1 0 X 0 0
14 8 D -1 0 X 0 0
15 8 A -1 0 X 0 0
21 8 A -1 0 X 0 0
7 9 A -1 0 X 0 0
8 9 WALL -1 0 X 0 0
13 9 WALL -1 0 X 0 0
14 9 A -1 0 X 0 0
1 10 B -1 0 X 0 0
3 10 WALL -1 0 X 0 0
4 10 D -1 0 X 0 0
5 10 C -1 0 X 0 0
6 10 WALL -1 0 X 0 0
7 10 B -1 0 X 0 0
14 10 B -1 0 X 0 0
15 10 WALL -1 0 X 0 0
16 10 C -1 0 X 0 0
17 10 D -1 0 X 0 0
18 10 WALL -1 0 X 0 0
20 10 B -1 0 X 0 0
8 9 5 8
8 9 5 8
1
