16 8
30
0 0 WALL -1 0 X 0 0
1 0 ROOT 1 1 N 0 1
3 0 B -1 0 X 0 0
7 0 WALL -1 0 X 0 0
10 0 WALL -1 0 X 0 0
11 0 D -1 0 X 0 0
9 1 B -1 0 X 0 0
9 2 C -1 0 X 0 0
10 2 A -1 0 X 0 0
14 2 D -1 0 X 0 0
15 2 WALL -1 0 X 0 0
1 3 A -1 0 X 0 0
3 3 WALL -1 0 X 0 0
5 3 C -1 0 X 0 0
8 3 A -1 0 X 0 0
7 4 A -1 0 X 0 0
10 4 C -1 0 X 0 0
12 4 WALL -1 0 X 0 0
14 4 A -1 0 X 0 0
0 5 WALL -1 0 X 0 0
1 5 D -1 0 X 0 0
5 5 A -1 0 X 0 0
6 5 C -1 0 X 0 0
6 6 B -1 0 X 0 0
4 7 D -1 0 X 0 0
5 7 WALL -1 0 X 0 0
8 7 WALL -1 0 X 0 0
12 7 B -1 0 X 0 0
14 7 ROOT 0 2 N 0 2
15 7 WALL -1 0 X 0 0
5 7 3 10
5 7 3 10
1
