16 8
40
0 0 D -1 0 X 0 0
4 0 D -1 0 X 0 0
5 0 A -1 0 X 0 0
6 0 A -1 0 X 0 0
7 0 A -1 0 X 0 0
0 1 A -1 0 X 0 0
2 1 D -1 0 X 0 0
4 1 WALL -1 0 X 0 0
6 1 B -1 0 X 0 0
11 1 C -1 0 X 0 0
0 2 ROOT 0 1 N 0 1
2 2 WALL -1 0 X 0 0
3 2 C -1 0 X 0 0
6 2 B -1 0 X 0 0
9 2 D -1 0 X 0 0
6 3 C -1 0 X 0 0
8 3 C -1 0 X 0 0
10 3 B -1 0 X 0 0
13 3 A -1 0 X 0 0
14 3 WALL -1 0 X 0 0
1 4 WALL -1 0 X 0 0
2 4 A -1 0 X 0 0
5 4 B -1 0 X 0 0
7 4 C -1 0 X 0 0
9 4 C -1 0 X 0 0
6 5 D -1 0 X 0 0
9 5 B -1 0 X 0 0
12 5 C -1 0 X 0 0
13 5 WALL -1 0 X 0 0
15 5 ROOT 1 2 N 0 2
4 6 C -1 0 X 0 0
9 6 B -1 0 X 0 0
11 6 WALL -1 0 X 0 0
13 6 D -1 0 X 0 0
15 6 A -1 0 X 0 0
8 7 A -1 0 X 0 0
9 7 A -1 0 X 0 0
10 7 A -1 0 X 0 0
11 7 D -1 0 X 0 0
15 7 D -1 0 X 0 0
5 7 4 10
5 7 4 10
1
