20 10
56
3 0 A -1 0 X 0 0
4 0 WALL -1 0 X 0 0
6 0 WALL -1 0 X 0 0
7 0 B -1 0 X 0 0
12 0 B -1 0 X 0 0
13 0 WALL -1 0 X 0 0
15 0 WALL -1 0 X 0 0
16 0 A -1 0 X 0 0
1 1 C -1 0 X 0 0
2 1 ROOT 1 1 N 0 1
4 1 WALL -1 0 X 0 0
8 1 C -1 0 X 0 0
11 1 C -1 0 X 0 0
15 1 WALL -1 0 X 0 0
17 1 ROOT 0 2 N 0 2
18 1 C -1 0 X 0 0
0 2 A -1 0 X 0 0
6 2 B -1 0 X 0 0
8 2 B -1 0 X 0 0
11 2 B -1 0 X 0 0
13 2 B -1 0 X 0 0
19 2 A -1 0 X 0 0
1 3 WALL -1 0 X 0 0
18 3 WALL -1 0 X 0 0
6 4 WALL -1 0 X 0 0
13 4 WALL -1 0 X 0 0
4 5 A -1 0 X 0 0
15 5 A -1 0 X 0 0
4 6 C -1 0 X 0 0
9 6 D -1 0 X 0 0
10 6 D -1 0 X 0 0
15 6 C -1 0 X 0 0
4 7 WALL -1 0 X 0 0
5 7 B -1 0 X 0 0
8 7 B -1 0 X 0 0
11 7 B -1 0 X 0 0
14 7 B -1 0 X 0 0
15 7 WALL -1 0 X 0 0
1 8 D -1 0 X 0 0
2 8 A -1 0 X 0 0
5 8 D -1 0 X 0 0
8 8 A -1 0 X 0 0
11 8 A -1 0 X 0 0
14 8 D -1 0 X 0 0
17 8 A -1 0 X 0 0
18 8 D -1 0 X 0 0
2 9 D -1 0 X 0 0
3 9 C -1 0 X 0 0
5 9 C -1 0 X 0 0
6 9 D -1 0 X 0 0
9 9 A -1 0 X 0 0
10 9 A -1 0 X 0 0
13 9 D -1 0 X 0 0
14 9 C -1 0 X 0 0
16 9 C -1 0 X 0 0
17 9 D -1 0 X 0 0
3 10 7 6
3 10 7 6
1
