24 12
112
3 0 B -1 0 X 0 0
5 0 A -1 0 X 0 0
7 0 A -1 0 X 0 0
10 0 D -1 0 X 0 0
12 0 WALL -1 0 X 0 0
16 0 C -1 0 X 0 0
18 0 D -1 0 X 0 0
19 0 WALL -1 0 X 0 0
20 0 A -1 0 X 0 0
1 1 A -1 0 X 0 0
4 1 WALL -1 0 X 0 0
8 1 WALL -1 0 X 0 0
9 1 WALL -1 0 X 0 0
16 1 WALL -1 0 X 0 0
19 1 WALL -1 0 X 0 0
20 1 WALL -1 0 X 0 0
0 2 ROOT 0 1 N 0 1
1 2 D -1 0 X 0 0
2 2 B -1 0 X 0 0
4 2 WALL -1 0 X 0 0
8 2 A -1 0 X 0 0
11 2 WALL -1 0 X 0 0
14 2 WALL -1 0 X 0 0
16 2 C -1 0 X 0 0
18 2 D -1 0 X 0 0
19 2 C -1 0 X 0 0
20 2 B -1 0 X 0 0
23 2 B -1 0 X 0 0
2 3 WALL -1 0 X 0 0
3 3 B -1 0 X 0 0
8 3 WALL -1 0 X 0 0
9 3 C -1 0 X 0 0
11 3 A -1 0 X 0 0
12 3 C -1 0 X 0 0
14 3 C -1 0 X 0 0
15 3 WALL -1 0 X 0 0
17 3 D -1 0 X 0 0
22 3 WALL -1 0 X 0 0
0 4 WALL -1 0 X 0 0
5 4 WALL -1 0 X 0 0
12 4 C -1 0 X 0 0
13 4 WALL -1 0 X 0 0
16 4 C -1 0 X 0 0
18 4 D -1 0 X 0 0
19 4 WALL -1 0 X 0 0
23 4 B -1 0 X 0 0
0 5 WALL -1 0 X 0 0
2 5 WALL -1 0 X 0 0
5 5 WALL -1 0 X 0 0
7 5 WALL -1 0 X 0 0
10 5 WALL -1 0 X 0 0
12 5 B -1 0 X 0 0
15 5 D -1 0 X 0 0
17 5 A -1 0 X 0 0
19 5 D -1 0 X 0 0
21 5 C -1 0 X 0 0
2 6 C -1 0 X 0 0
4 6 D -1 0 X 0 0
6 6 A -1 0 X 0 0
8 6 D -1 0 X 0 0
11 6 B -1 0 X 0 0
13 6 WALL -1 0 X 0 0
16 6 WALL -1 0 X 0 0
18 6 WALL -1 0 X 0 0
21 6 WALL -1 0 X 0 0
23 6 WALL -1 0 X 0 0
0 7 B -1 0 X 0 0
4 7 WALL -1 0 X 0 0
5 7 D -1 0 X 0 0
7 7 C -1 0 X 0 0
10 7 WALL -1 0 X 0 0
11 7 C -1 0 X 0 0
18 7 WALL -1 0 X 0 0
23 7 WALL -1 0 X 0 0
1 8 WALL -1 0 X 0 0
6 8 D -1 0 X 0 0
8 8 WALL -1 0 X 0 0
9 8 C -1 0 X 0 0
11 8 C -1 0 X 0 0
12 8 A -1 0 X 0 0
14 8 C -1 0 X 0 0
15 8 WALL -1 0 X 0 0
20 8 B -1 0 X 0 0
21 8 WALL -1 0 X 0 0
0 9 B -1 0 X 0 0
3 9 B -1 0 X 0 0
4 9 C -1 0 X 0 0
5 9 D -1 0 X 0 0
7 9 C -1 0 X 0 0
9 9 WALL -1 0 X 0 0
12 9 WALL -1 0 X 0 0
15 9 A -1 0 X 0 0
19 9 WALL -1 0 X 0 0
21 9 B -1 0 X 0 0
22 9 D -1 0 X 0 0
23 9 ROOT 1 2 N 0 2
3 10 WALL -1 0 X 0 0
4 10 WALL -1 0 X 0 0
7 10 WALL -1 0 X 0 0
14 10 WALL -1 0 X 0 0
15 10 WALL -1 0 X 0 0
19 10 WALL -1 0 X 0 0
22 10 A -1 0 X 0 0
3 11 A -1 0 X 0 0
4 11 WALL -1 0 X 0 0
5 11 D -1 0 X 0 0
7 11 C -1 0 X 0 0
11 11 WALL -1 0 X 0 0
13 11 D -1 0 X 0 0
16 11 A -1 0 X 0 0
18 11 A -1 0 X 0 0
20 11 B -1 0 X 0 0
10 10 6 4
10 10 6 4
1
