22 11
84
7 0 WALL -1 0 X 0 0
13 0 WALL -1 0 X 0 0
18 0 B -1 0 X 0 0
20 0 C -1 0 X 0 0
0 1 WALL -1 0 X 0 0
1 1 A -1 0 X 0 0
2 1 A -1 0 X 0 0
4 1 WALL -1 0 X 0 0
5 1 WALL -1 0 X 0 0
6 1 WALL -1 0 X 0 0
9 1 WALL -1 0 X 0 0
10 1 C -1 0 X 0 0
13 1 D -1 0 X 0 0
18 1 WALL -1 0 X 0 0
20 1 WALL -1 0 X 0 0
0 2 D -1 0 X 0 0
1 2 C -1 0 X 0 0
2 2 A -1 0 X 0 0
3 2 ROOT 0 1 N 0 1
10 2 B -1 0 X 0 0
18 2 A -1 0 X 0 0
19 2 WALL -1 0 X 0 0
0 3 WALL -1 0 X 0 0
4 3 B -1 0 X 0 0
6 3 B -1 0 X 0 0
10 3 WALL -1 0 X 0 0
19 3 C -1 0 X 0 0
20 3 WALL -1 0 X 0 0
21 3 D -1 0 X 0 0
0 4 A -1 0 X 0 0
1 4 D -1 0 X 0 0
4 4 C -1 0 X 0 0
11 4 D -1 0 X 0 0
12 4 A -1 0 X 0 0
17 4 B -1 0 X 0 0
19 4 WALL -1 0 X 0 0
21 4 WALL -1 0 X 0 0
0 5 A -1 0 X 0 0
1 5 B -1 0 X 0 0
3 5 WALL -1 0 X 0 0
5 5 C -1 0 X 0 0
10 5 B -1 0 X 0 0
11 5 B -1 0 X 0 0
16 5 C -1 0 X 0 0
18 5 WALL -1 0 X 0 0
20 5 B -1 0 X 0 0
21 5 A -1 0 X 0 0
0 6 WALL -1 0 X 0 0
2 6 WALL -1 0 X 0 0
4 6 B -1 0 X 0 0
9 6 A -1 0 X 0 0
10 6 D -1 0 X 0 0
17 6 C -1 0 X 0 0
20 6 D -1 0 X 0 0
21 6 A -1 0 X 0 0
0 7 D -1 0 X 0 0
1 7 WALL -1 0 X 0 0
2 7 C -1 0 X 0 0
11 7 WALL -1 0 X 0 0
15 7 B -1 0 X 0 0
17 7 B -1 0 X 0 0
21 7 WALL -1 0 X 0 0
2 8 WALL -1 0 X 0 0
3 8 A -1 0 X 0 0
11 8 B -1 0 X 0 0
18 8 ROOT 1 2 N 0 2
19 8 A -1 0 X 0 0
20 8 C -1 0 X 0 0
21 8 D -1 0 X 0 0
1 9 WALL -1 0 X 0 0
3 9 WALL -1 0 X 0 0
8 9 D -1 0 X 0 0
11 9 C -1 0 X 0 0
12 9 WALL -1 0 X 0 0
15 9 WALL -1 0 X 0 0
16 9 WALL -1 0 X 0 0
17 9 WALL -1 0 X 0 0
19 9 A -1 0 X 0 0
20 9 A -1 0 X 0 0
21 9 WALL -1 0 X 0 0
1 10 C -1 0 X 0 0
3 10 B -1 0 X 0 0
8 10 WALL -1 0 X 0 0
14 10 WALL -1 0 X 0 0
8 6 3 4
8 6 3 4
1
