22 11
52
1 0 WALL -1 0 X 0 0
6 0 B -1 0 X 0 0
13 0 C -1 0 X 0 0
14 0 A -1 0 X 0 0
17 0 B -1 0 X 0 0
12 1 A -1 0 X 0 0
19 1 C -1 0 X 0 0
1 2 D -1 0 X 0 0
4 2 A -1 0 X 0 0
13 2 A -1 0 X 0 0
15 2 A -1 0 X 0 0
2 3 ROOT 1 1 N 0 1
5 3 D -1 0 X 0 0
10 3 A -1 0 X 0 0
12 3 B -1 0 X 0 0
16 3 D -1 0 X 0 0
17 3 D -1 0 X 0 0
19 3 B -1 0 X 0 0
21 3 A -1 0 X 0 0
1 4 B -1 0 X 0 0
6 4 C -1 0 X 0 0
10 4 D -1 0 X 0 0
12 4 D -1 0 X 0 0
16 4 B -1 0 X 0 0
6 5 WALL -1 0 X 0 0
10 5 C -1 0 X 0 0
11 5 C -1 0 X 0 0
15 5 WALL -1 0 X 0 0
5 6 B -1 0 X 0 0
9 6 D -1 0 X 0 0
11 6 D -1 0 X 0 0
15 6 C -1 0 X 0 0
20 6 B -1 0 X 0 0
0 7 A -1 0 X 0 0
2 7 B -1 0 X 0 0
4 7 D -1 0 X 0 0
5 7 D -1 0 X 0 0
9 7 B -1 0 X 0 0
11 7 A -1 0 X 0 0
16 7 D -1 0 X 0 0
19 7 ROOT 0 2 N 0 2
6 8 A -1 0 X 0 0
8 8 A -1 0 X 0 0
17 8 A -1 0 X 0 0
20 8 D -1 0 X 0 0
2 9 C -1 0 X 0 0
9 9 A -1 0 X 0 0
4 10 B -1 0 X 0 0
7 10 A -1 0 X 0 0
8 10 C -1 0 X 0 0
15 10 B -1 0 X 0 0
20 10 WALL -1 0 X 0 0
8 7 8 5
8 7 8 5
1
