18 9
52
0 0 WALL -1 0 X 0 0
1 0 D -1 0 X 0 0
8 0 D -1 0 X 0 0
13 0 WALL -1 0 X 0 0
16 0 A -1 0 X 0 0
0 1 D -1 0 X 0 0
3 1 ROOT 1 1 N 0 1
4 1 WALL -1 0 X 0 0
5 1 D -1 0 X 0 0
9 1 C -1 0 X 0 0
15 1 B -1 0 X 0 0
17 1 C -1 0 X 0 0
2 2 A -1 0 X 0 0
5 2 WALL -1 0 X 0 0
10 2 WALL -1 0 X 0 0
11 2 WALL -1 0 X 0 0
13 2 WALL -1 0 X 0 0
2 3 A -1 0 X 0 0
6 3 B -1 0 X 0 0
8 3 B -1 0 X 0 0
10 3 WALL -1 0 X 0 0
13 3 WALL -1 0 X 0 0
14 3 C -1 0 X 0 0
16 3 A -1 0 X 0 0
3 4 C -1 0 X 0 0
7 4 WALL -1 0 X 0 0
10 4 WALL -1 0 X 0 0
14 4 C -1 0 X 0 0
1 5 A -1 0 X 0 0
3 5 C -1 0 X 0 0
4 5 WALL -1 0 X 0 0
7 5 WALL -1 0 X 0 0
9 5 B -1 0 X 0 0
11 5 B -1 0 X 0 0
15 5 A -1 0 X 0 0
4 6 WALL -1 0 X 0 0
6 6 WALL -1 0 X 0 0
7 6 WALL -1 0 X 0 0
12 6 WALL -1 0 X 0 0
15 6 A -1 0 X 0 0
0 7 C -1 0 X 0 0
2 7 B -1 0 X 0 0
8 7 C -1 0 X 0 0
12 7 D -1 0 X 0 0
13 7 WALL -1 0 X 0 0
14 7 ROOT 0 2 N 0 2
17 7 D -1 0 X 0 0
1 8 A -1 0 X 0 0
4 8 WALL -1 0 X 0 0
9 8 D -1 0 X 0 0
16 8 D -1 0 X 0 0
17 8 WALL -1 0 X 0 0
8 6 3 7
8 6 3 7
1
