20 10
46
2 0 B -1 0 X 0 0
7 0 C -1 0 X 0 0
9 0 D -1 0 X 0 0
10 0 D -1 0 X 0 0
12 0 C -1 0 X 0 0
17 0 B -1 0 X 0 0
2 1 ROOT 0 1 N 0 1
3 1 WALL -1 0 X 0 0
6 1 WALL -1 0 X 0 0
9 1 B -1 0 X 0 0
10 1 B -1 0 X 0 0
13 1 WALL -1 0 X 0 0
16 1 WALL -1 0 X 0 0
17 1 ROOT 1 2 N 0 2
6 2 WALL -1 0 X 0 0
13 2 WALL -1 0 X 0 0
1 3 WALL -1 0 X 0 0
8 3 A -1 0 X 0 0
11 3 A -1 0 X 0 0
18 3 WALL -1 0 X 0 0
4 4 D -1 0 X 0 0
9 4 C -1 0 X 0 0
10 4 C -1 0 X 0 0
15 4 D -1 0 X 0 0
9 5 WALL -1 0 X 0 0
10 5 WALL -1 0 X 0 0
3 6 WALL -1 0 X 0 0
4 6 A -1 0 X 0 0
6 6 C -1 0 X 0 0
13 6 C -1 0 X 0 0
15 6 A -1 0 X 0 0
16 6 WALL -1 0 X 0 0
2 7 WALL -1 0 X 0 0
3 7 A -1 0 X 0 0
16 7 A -1 0 X 0 0
17 7 WALL -1 0 X 0 0
1 8 B -1 0 X 0 0
2 8 WALL -1 0 X 0 0
4 8 A -1 0 X 0 0
15 8 A -1 0 X 0 0
17 8 WALL -1 0 X 0 0
18 8 B -1 0 X 0 0
1 9 WALL -1 0 X 0 0
7 9 B -1 0 X 0 0
12 9 B -1 0 X 0 0
18 9 WALL -1 0 X 0 0
3 9 6 8
3 9 6 8
1
