24 12
104
0 0 WALL -1 0 X 0 0
5 0 D -1 0 X 0 0
8 0 WALL -1 0 X 0 0
9 0 D -1 0 X 0 0
11 0 WALL -1 0 X 0 0
13 0 C -1 0 X 0 0
18 0 D -1 0 X 0 0
20 0 C -1 0 X 0 0
1 1 A -1 0 X 0 0
2 1 A -1 0 X 0 0
4 1 B -1 0 X 0 0
5 1 B -1 0 X 0 0
15 1 WALL -1 0 X 0 0
16 1 WALL -1 0 X 0 0
17 1 B -1 0 X 0 0
20 1 WALL -1 0 X 0 0
23 1 B -1 0 X 0 0
0 2 C -1 0 X 0 0
3 2 ROOT 1 1 N 0 1
5 2 WALL -1 0 X 0 0
10 2 WALL -1 0 X 0 0
13 2 WALL -1 0 X 0 0
16 2 C -1 0 X 0 0
18 2 WALL -1 0 X 0 0
20 2 WALL -1 0 X 0 0
21 2 WALL -1 0 X 0 0
22 2 WALL -1 0 X 0 0
4 3 D -1 0 X 0 0
8 3 B -1 0 X 0 0
11 3 A -1 0 X 0 0
13 3 D -1 0 X 0 0
21 3 WALL -1 0 X 0 0
22 3 WALL -1 0 X 0 0
23 3 A -1 0 X 0 0
0 4 A -1 0 X 0 0
1 4 WALL -1 0 X 0 0
4 4 WALL -1 0 X 0 0
5 4 D -1 0 X 0 0
17 4 B -1 0 X 0 0
20 4 WALL -1 0 X 0 0
23 4 D -1 0 X 0 0
1 5 C -1 0 X 0 0
2 5 C -1 0 X 0 0
3 5 B -1 0 X 0 0
5 5 A -1 0 X 0 0
6 5 WALL -1 0 X 0 0
8 5 A -1 0 X 0 0
10 5 WALL -1 0 X 0 0
11 5 C -1 0 X 0 0
12 5 WALL -1 0 X 0 0
14 5 D -1 0 X 0 0
18 5 B -1 0 X 0 0
5 6 B -1 0 X 0 0
9 6 D -1 0 X 0 0
11 6 WALL -1 0 X 0 0
12 6 C -1 0 X 0 0
13 6 WALL -1 0 X 0 0
15 6 A -1 0 X 0 0
17 6 WALL -1 0 X 0 0
18 6 A -1 0 X 0 0
20 6 B -1 0 X 0 0
21 6 C -1 0 X 0 0
22 6 C -1 0 X 0 0
0 7 D -1 0 X 0 0
3 7 WALL -1 0 X 0 0
6 7 B -1 0 X 0 0
18 7 D -1 0 X 0 0
19 7 WALL -1 0 X 0 0
22 7 WALL -1 0 X 0 0
23 7 A -1 0 X 0 0
0 8 A -1 0 X 0 0
1 8 WALL -1 0 X 0 0
2 8 WALL -1 0 X 0 0
10 8 D -1 0 X 0 0
12 8 A -1 0 X 0 0
15 8 B -1 0 X 0 0
19 8 D -1 0 X 0 0
1 9 WALL -1 0 X 0 0
2 9 WALL -1 0 X 0 0
3 9 WALL -1 0 X 0 0
5 9 WALL -1 0 X 0 0
7 9 C -1 0 X 0 0
10 9 WALL -1 0 X 0 0
13 9 WALL -1 0 X 0 0
18 9 WALL -1 0 X 0 0
20 9 ROOT 0 2 N 0 2
23 9 C -1 0 X 0 0
0 10 B -1 0 X 0 0
3 10 WALL -1 0 X 0 0
6 10 B -1 0 X 0 0
7 10 WALL -1 0 X 0 0
8 10 WALL -1 0 X 0 0
18 10 B -1 0 X 0 0
19 10 B -1 0 X 0 0
21 10 A -1 0 X 0 0
22 10 A -1 0 X 0 0
3 11 C -1 0 X 0 0
5 11 D -1 0 X 0 0
10 11 C -1 0 X 0 0
12 11 WALL -1 0 X 0 0
14 11 D -1 0 X 0 0
15 11 WALL -1 0 X 0 0
18 11 D -1 0 X 0 0
23 11 WALL -1 0 X 0 0
6 5 5 6
6 5 5 6
1
