24 12
112
1 0 B -1 0 X 0 0
2 0 WALL -1 0 X 0 0
5 0 A -1 0 X 0 0
9 0 WALL -1 0 X 0 0
13 0 D -1 0 X 0 0
18 0 D -1 0 X 0 0
19 0 WALL -1 0 X 0 0
1 1 WALL -1 0 X 0 0
2 1 A -1 0 X 0 0
3 1 B -1 0 X 0 0
5 1 A -1 0 X 0 0
7 1 C -1 0 X 0 0
12 1 A -1 0 X 0 0
17 1 WALL -1 0 X 0 0
18 1 WALL -1 0 X 0 0
19 1 WALL -1 0 X 0 0
23 1 C -1 0 X 0 0
0 2 C -1 0 X 0 0
7 2 WALL -1 0 X 0 0
10 2 C -1 0 X 0 0
18 2 D -1 0 X 0 0
20 2 D -1 0 X 0 0
22 2 WALL -1 0 X 0 0
2 3 WALL -1 0 X 0 0
3 3 ROOT 0 1 N 0 1
5 3 WALL -1 0 X 0 0
7 3 C -1 0 X 0 0
8 3 WALL -1 0 X 0 0
9 3 D -1 0 X 0 0
11 3 B -1 0 X 0 0
14 3 B -1 0 X 0 0
15 3 C -1 0 X 0 0
17 3 C -1 0 X 0 0
18 3 B -1 0 X 0 0
20 3 WALL -1 0 X 0 0
22 3 B -1 0 X 0 0
23 3 D -1 0 X 0 0
0 4 WALL -1 0 X 0 0
3 4 WALL -1 0 X 0 0
5 4 WALL -1 0 X 0 0
7 4 D -1 0 X 0 0
8 4 C -1 0 X 0 0
12 4 D -1 0 X 0 0
13 4 WALL -1 0 X 0 0
15 4 C -1 0 X 0 0
16 4 A -1 0 X 0 0
17 4 WALL -1 0 X 0 0
0 5 A -1 0 X 0 0
1 5 A -1 0 X 0 0
9 5 B -1 0 X 0 0
10 5 B -1 0 X 0 0
12 5 D -1 0 X 0 0
14 5 B -1 0 X 0 0
21 5 WALL -1 0 X 0 0
22 5 WALL -1 0 X 0 0
23 5 WALL -1 0 X 0 0
0 6 WALL -1 0 X 0 0
1 6 WALL -1 0 X 0 0
2 6 WALL -1 0 X 0 0
9 6 B -1 0 X 0 0
11 6 D -1 0 X 0 0
13 6 B -1 0 X 0 0
14 6 B -1 0 X 0 0
22 6 A -1 0 X 0 0
23 6 A -1 0 X 0 0
6 7 WALL -1 0 X 0 0
7 7 A -1 0 X 0 0
8 7 C -1 0 X 0 0
10 7 WALL -1 0 X 0 0
11 7 D -1 0 X 0 0
15 7 C -1 0 X 0 0
16 7 D -1 0 X 0 0
18 7 WALL -1 0 X 0 0
20 7 WALL -1 0 X 0 0
23 7 WALL -1 0 X 0 0
0 8 D -1 0 X 0 0
1 8 B -1 0 X 0 0
3 8 WALL -1 0 X 0 0
5 8 B -1 0 X 0 0
6 8 C -1 0 X 0 0
8 8 C -1 0 X 0 0
9 8 B -1 0 X 0 0
12 8 B -1 0 X 0 0
14 8 D -1 0 X 0 0
15 8 WALL -1 0 X 0 0
16 8 C -1 0 X 0 0
18 8 WALL -1 0 X 0 0
20 8 ROOT 1 2 N 0 2
21 8 WALL -1 0 X 0 0
1 9 WALL -1 0 X 0 0
3 9 D -1 0 X 0 0
5 9 D -1 0 X 0 0
13 9 C -1 0 X 0 0
16 9 WALL -1 0 X 0 0
23 9 C -1 0 X 0 0
0 10 C -1 0 X 0 0
4 10 WALL -1 0 X 0 0
5 10 WALL -1 0 X 0 0
6 10 WALL -1 0 X 0 0
11 10 A -1 0 X 0 0
16 10 C -1 0 X 0 0
18 10 A -1 0 X 0 0
20 10 B -1 0 X 0 0
21 10 A -1 0 X 0 0
22 10 WALL -1 0 X 0 0
4 11 WALL -1 0 X 0 0
5 11 D -1 0 X 0 0
10 11 D -1 0 X 0 0
14 11 WALL -1 0 X 0 0
18 11 A -1 0 X 0 0
21 11 WALL -1 0 X 0 0
22 11 B -1 0 X 0 0
4 5 8 10
4 5 8 10
1
