20 10
52
2 0 ROOT 1 1 N 0 1
3 0 A -1 0 X 0 0
7 0 C -1 0 X 0 0
10 0 C -1 0 X 0 0
12 0 C -1 0 X 0 0
15 0 WALL -1 0 X 0 0
17 0 B -1 0 X 0 0
10 1 WALL -1 0 X 0 0
12 1 WALL -1 0 X 0 0
14 1 WALL -1 0 X 0 0
2 2 C -1 0 X 0 0
3 2 D -1 0 X 0 0
10 2 A -1 0 X 0 0
11 2 A -1 0 X 0 0
12 2 B -1 0 X 0 0
15 2 A -1 0 X 0 0
1 3 B -1 0 X 0 0
5 3 WALL -1 0 X 0 0
10 3 WALL -1 0 X 0 0
11 3 D -1 0 X 0 0
13 3 D -1 0 X 0 0
15 3 B -1 0 X 0 0
8 4 C -1 0 X 0 0
10 4 B -1 0 X 0 0
12 4 WALL -1 0 X 0 0
16 4 WALL -1 0 X 0 0
3 5 WALL -1 0 X 0 0
7 5 WALL -1 0 X 0 0
9 5 B -1 0 X 0 0
11 5 C -1 0 X 0 0
4 6 B -1 0 X 0 0
6 6 D -1 0 X 0 0
8 6 D -1 0 X 0 0
9 6 WALL -1 0 X 0 0
14 6 WALL -1 0 X 0 0
18 6 B -1 0 X 0 0
4 7 A -1 0 X 0 0
7 7 B -1 0 X 0 0
8 7 A -1 0 X 0 0
9 7 A -1 0 X 0 0
16 7 D -1 0 X 0 0
17 7 C -1 0 X 0 0
5 8 WALL -1 0 X 0 0
7 8 WALL -1 0 X 0 0
9 8 WALL -1 0 X 0 0
2 9 B -1 0 X 0 0
4 9 WALL -1 0 X 0 0
7 9 C -1 0 X 0 0
9 9 C -1 0 X 0 0
12 9 C -1 0 X 0 0
16 9 A -1 0 X 0 0
17 9 ROOT 0 2 N 0 2
6 4 10 6
6 4 10 6
1
