24 12
72
2 0 D -1 0 X 0 0
3 0 A -1 0 X 0 0
9 0 C -1 0 X 0 0
14 0 C -1 0 X 0 0
20 0 A -1 0 X 0 0
21 0 D -1 0 X 0 0
0 1 B -1 0 X 0 0
2 1 ROOT 1 1 N 0 1
3 1 C -1 0 X 0 0
5 1 WALL -1 0 X 0 0
6 1 A -1 0 X 0 0
17 1 A -1 0 X 0 0
18 1 WALL -1 0 X 0 0
20 1 C -1 0 X 0 0
21 1 ROOT 0 2 N 0 2
23 1 B -1 0 X 0 0
3 2 WALL -1 0 X 0 0
4 2 D -1 0 X 0 0
7 2 A -1 0 X 0 0
10 2 A -1 0 X 0 0
11 2 D -1 0 X 0 0
12 2 D -1 0 X 0 0
13 2 A -1 0 X 0 0
16 2 A -1 0 X 0 0
19 2 D -1 0 X 0 0
20 2 WALL -1 0 X 0 0
1 3 B -1 0 X 0 0
11 3 A -1 0 X 0 0
12 3 A -1 0 X 0 0
22 3 B -1 0 X 0 0
0 4 C -1 0 X 0 0
3 4 D -1 0 X 0 0
4 4 B -1 0 X 0 0
11 4 WALL -1 0 X 0 0
12 4 WALL -1 0 X 0 0
19 4 B -1 0 X 0 0
20 4 D -1 0 X 0 0
23 4 C -1 0 X 0 0
1 5 WALL -1 0 X 0 0
2 5 WALL -1 0 X 0 0
3 5 B -1 0 X 0 0
9 5 C -1 0 X 0 0
10 5 WALL -1 0 X 0 0
11 5 D -1 0 X 0 0
12 5 D -1 0 X 0 0
13 5 WALL -1 0 X 0 0
14 5 C -1 0 X 0 0
20 5 B -1 0 X 0 0
21 5 WALL -1 0 X 0 0
22 5 WALL -1 0 X 0 0
10 6 WALL -1 0 X 0 0
13 6 WALL -1 0 X 0 0
4 7 B -1 0 X 0 0
6 7 B -1 0 X 0 0
10 7 C -1 0 X 0 0
11 7 C -1 0 X 0 0
12 7 C -1 0 X 0 0
13 7 C -1 0 X 0 0
17 7 B -1 0 X 0 0
19 7 B -1 0 X 0 0
6 8 WALL -1 0 X 0 0
17 8 WALL -1 0 X 0 0
1 10 WALL -1 0 X 0 0
3 10 A -1 0 X 0 0
20 10 A -1 0 X 0 0
22 10 WALL -1 0 X 0 0
1 11 A -1 0 X 0 0
4 11 WALL -1 0 X 0 0
5 11 D -1 0 X 0 0
18 11 D -1 0 X 0 0
19 11 WALL -1 0 X 0 0
22 11 A -1 0 X 0 0
6 3 6 7
6 3 6 7
1
