20 10
26
3 0 ROOT 0 1 N 0 1
14 0 WALL -1 0 X 0 0
15 0 WALL -1 0 X 0 0
7 1 WALL -1 0 X 0 0
16 1 A -1 0 X 0 0
3 2 WALL -1 0 X 0 0
6 2 B -1 0 X 0 0
12 2 D -1 0 X 0 0
15 2 B -1 0 X 0 0
17 2 A -1 0 X 0 0
16 3 C -1 0 X 0 0
7 4 WALL -1 0 X 0 0
18 4 D -1 0 X 0 0
1 5 D -1 0 X 0 0
12 5 WALL -1 0 X 0 0
3 6 C -1 0 X 0 0
2 7 A -1 0 X 0 0
4 7 B -1 0 X 0 0
7 7 D -1 0 X 0 0
13 7 B -1 0 X 0 0
16 7 WALL -1 0 X 0 0
3 8 A -1 0 X 0 0
12 8 WALL -1 0 X 0 0
4 9 WALL -1 0 X 0 0
5 9 WALL -1 0 X 0 0
16 9 ROOT 1 2 N 0 2
5 5 9 10
5 5 9 10
1
