20 10
62
7 0 WALL -1 0 X 0 0
10 0 WALL -1 0 X 0 0
14 0 WALL -1 0 X 0 0
16 0 WALL -1 0 X 0 0
17 0 C -1 0 X 0 0
1 1 A -1 0 X 0 0
11 1 WALL -1 0 X 0 0
17 1 C -1 0 X 0 0
1 2 ROOT 0 1 N 0 1
9 2 B -1 0 X 0 0
10 2 WALL -1 0 X 0 0
16 2 A -1 0 X 0 0
17 2 B -1 0 X 0 0
0 3 C -1 0 X 0 0
6 3 WALL -1 0 X 0 0
10 3 WALL -1 0 X 0 0
11 3 D -1 0 X 0 0
13 3 A -1 0 X 0 0
15 3 WALL -1 0 X 0 0
18 3 B -1 0 X 0 0
19 3 C -1 0 X 0 0
1 4 B -1 0 X 0 0
4 4 D -1 0 X 0 0
5 4 WALL -1 0 X 0 0
6 4 C -1 0 X 0 0
9 4 D -1 0 X 0 0
12 4 WALL -1 0 X 0 0
13 4 B -1 0 X 0 0
17 4 WALL -1 0 X 0 0
18 4 A -1 0 X 0 0
19 4 D -1 0 X 0 0
0 5 D -1 0 X 0 0
1 5 A -1 0 X 0 0
2 5 WALL -1 0 X 0 0
6 5 B -1 0 X 0 0
7 5 WALL -1 0 X 0 0
10 5 D -1 0 X 0 0
13 5 C -1 0 X 0 0
14 5 WALL -1 0 X 0 0
15 5 D -1 0 X 0 0
18 5 B -1 0 X 0 0
0 6 C -1 0 X 0 0
1 6 B -1 0 X 0 0
4 6 WALL -1 0 X 0 0
6 6 A -1 0 X 0 0
8 6 D -1 0 X 0 0
9 6 WALL -1 0 X 0 0
13 6 WALL -1 0 X 0 0
19 6 C -1 0 X 0 0
2 7 B -1 0 X 0 0
3 7 A -1 0 X 0 0
9 7 WALL -1 0 X 0 0
10 7 B -1 0 X 0 0
18 7 ROOT 1 2 N 0 2
2 8 C -1 0 X 0 0
8 8 WALL -1 0 X 0 0
18 8 A -1 0 X 0 0
2 9 C -1 0 X 0 0
3 9 WALL -1 0 X 0 0
5 9 WALL -1 0 X 0 0
9 9 WALL -1 0 X 0 0
12 9 WALL -1 0 X 0 0
9 9 10 9
9 9 10 9
1
