16 8
34
0 0 A -1 0 X 0 0
4 0 WALL -1 0 X 0 0
7 0 B -1 0 X 0 0
8 0 B -1 0 X 0 0
11 0 WALL -1 0 X 0 0
15 0 A -1 0 X 0 0
0 1 ROOT 1 1 N 0 1
6 1 C -1 0 X 0 0
9 1 C -1 0 X 0 0
15 1 ROOT 0 2 N 0 2
2 2 D -1 0 X 0 0
4 2 B -1 0 X 0 0
11 2 B -1 0 X 0 0
13 2 D -1 0 X 0 0
0 3 A -1 0 X 0 0
1 3 B -1 0 X 0 0
4 3 C -1 0 X 0 0
11 3 C -1 0 X 0 0
14 3 B -1 0 X 0 0
15 3 A -1 0 X 0 0
2 4 WALL -1 0 X 0 0
4 4 WALL -1 0 X 0 0
11 4 WALL -1 0 X 0 0
13 4 WALL -1 0 X 0 0
1 5 WALL -1 0 X 0 0
4 5 A -1 0 X 0 0
11 5 A -1 0 X 0 0
14 5 WALL -1 0 X 0 0
0 7 WALL -1 0 X 0 0
6 7 C -1 0 X 0 0
7 7 D -1 0 X 0 0
8 7 D -1 0 X 0 0
9 7 C -1 0 X 0 0
15 7 WALL -1 0 X 0 0
4 8 3 3
4 8 3 3
1
