24 12
42
1 0 WALL -1 0 X 0 0
2 0 WALL -1 0 X 0 0
4 0 WALL -1 0 X 0 0
7 0 C -1 0 X 0 0
17 0 WALL -1 0 X 0 0
19 0 A -1 0 X 0 0
22 0 D -1 0 X 0 0
13 1 A -1 0 X 0 0
16 1 B -1 0 X 0 0
8 2 B -1 0 X 0 0
13 2 WALL -1 0 X 0 0
17 2 A -1 0 X 0 0
21 2 WALL -1 0 X 0 0
3 3 ROOT 0 1 N 0 1
4 3 D -1 0 X 0 0
9 3 WALL -1 0 X 0 0
16 3 B -1 0 X 0 0
0 4 C -1 0 X 0 0
2 4 C -1 0 X 0 0
23 4 A -1 0 X 0 0
17 5 D -1 0 X 0 0
6 6 D -1 0 X 0 0
0 7 A -1 0 X 0 0
21 7 C -1 0 X 0 0
23 7 C -1 0 X 0 0
7 8 B -1 0 X 0 0
14 8 WALL -1 0 X 0 0
19 8 D -1 0 X 0 0
20 8 ROOT 1 2 N 0 2
2 9 WALL -1 0 X 0 0
6 9 A -1 0 X 0 0
10 9 WALL -1 0 X 0 0
15 9 B -1 0 X 0 0
7 10 B -1 0 X 0 0
10 10 A -1 0 X 0 0
1 11 D -1 0 X 0 0
4 11 A -1 0 X 0 0
6 11 WALL -1 0 X 0 0
16 11 C -1 0 X 0 0
19 11 WALL -1 0 X 0 0
21 11 WALL -1 0 X 0 0
22 11 WALL -1 0 X 0 0
5 3 9 3
5 3 9 3
1
