16 8
38
1 0 D -1 0 X 0 0
3 0 ROOT 1 1 N 0 1
8 0 WALL -1 0 X 0 0
10 0 A -1 0 X 0 0
11 0 A -1 0 X 0 0
12 0 WALL -1 0 X 0 0
8 1 B -1 0 X 0 0
11 1 A -1 0 X 0 0
12 1 B -1 0 X 0 0
13 1 D -1 0 X 0 0
15 1 C -1 0 X 0 0
2 2 C -1 0 X 0 0
6 2 C -1 0 X 0 0
7 2 B -1 0 X 0 0
11 2 C -1 0 X 0 0
13 2 WALL -1 0 X 0 0
1 3 D -1 0 X 0 0
3 3 A -1 0 X 0 0
7 3 D -1 0 X 0 0
8 4 D -1 0 X 0 0
12 4 A -1 0 X 0 0
14 4 D -1 0 X 0 0
2 5 WALL -1 0 X 0 0
4 5 C -1 0 X 0 0
8 5 B -1 0 X 0 0
9 5 C -1 0 X 0 0
13 5 C -1 0 X 0 0
0 6 C -1 0 X 0 0
2 6 D -1 0 X 0 0
3 6 B -1 0 X 0 0
4 6 A -1 0 X 0 0
7 6 B -1 0 X 0 0
3 7 WALL -1 0 X 0 0
4 7 A -1 0 X 0 0
5 7 A -1 0 X 0 0
7 7 WALL -1 0 X 0 0
12 7 ROOT 0 2 N 0 2
14 7 D -1 0 X 0 0
7 3 7 7
7 3 7 7
1
