24 12
92
3 0 C -1 0 X 0 0
6 0 D -1 0 X 0 0
7 0 C -1 0 X 0 0
8 0 A -1 0 X 0 0
10 0 C -1 0 X 0 0
15 0 D -1 0 X 0 0
18 0 B -1 0 X 0 0
19 0 B -1 0 X 0 0
22 0 A -1 0 X 0 0
23 0 WALL -1 0 X 0 0
1 1 C -1 0 X 0 0
2 1 D -1 0 X 0 0
3 1 B -1 0 X 0 0
5 1 WALL -1 0 X 0 0
10 1 D -1 0 X 0 0
13 1 A -1 0 X 0 0
15 1 C -1 0 X 0 0
16 1 D -1 0 X 0 0
20 1 B -1 0 X 0 0
1 2 A -1 0 X 0 0
3 2 B -1 0 X 0 0
4 2 WALL -1 0 X 0 0
7 2 A -1 0 X 0 0
14 2 B -1 0 X 0 0
15 2 A -1 0 X 0 0
20 2 WALL -1 0 X 0 0
22 2 WALL -1 0 X 0 0
23 2 WALL -1 0 X 0 0
0 3 ROOT 0 1 N 0 1
4 3 D -1 0 X 0 0
9 3 C -1 0 X 0 0
19 3 A -1 0 X 0 0
21 3 B -1 0 X 0 0
1 4 C -1 0 X 0 0
3 4 B -1 0 X 0 0
6 4 WALL -1 0 X 0 0
8 4 D -1 0 X 0 0
10 4 WALL -1 0 X 0 0
21 4 WALL -1 0 X 0 0
23 4 C -1 0 X 0 0
6 5 D -1 0 X 0 0
7 5 WALL -1 0 X 0 0
8 5 A -1 0 X 0 0
14 5 WALL -1 0 X 0 0
15 5 A -1 0 X 0 0
16 5 C -1 0 X 0 0
7 6 C -1 0 X 0 0
8 6 A -1 0 X 0 0
9 6 WALL -1 0 X 0 0
15 6 A -1 0 X 0 0
16 6 WALL -1 0 X 0 0
17 6 D -1 0 X 0 0
0 7 C -1 0 X 0 0
2 7 WALL -1 0 X 0 0
13 7 WALL -1 0 X 0 0
15 7 D -1 0 X 0 0
17 7 WALL -1 0 X 0 0
20 7 B -1 0 X 0 0
22 7 C -1 0 X 0 0
2 8 B -1 0 X 0 0
4 8 A -1 0 X 0 0
14 8 C -1 0 X 0 0
19 8 D -1 0 X 0 0
23 8 ROOT 1 2 N 0 2
0 9 WALL -1 0 X 0 0
1 9 WALL -1 0 X 0 0
3 9 WALL -1 0 X 0 0
8 9 A -1 0 X 0 0
9 9 B -1 0 X 0 0
16 9 A -1 0 X 0 0
19 9 WALL -1 0 X 0 0
20 9 B -1 0 X 0 0
22 9 A -1 0 X 0 0
3 10 B -1 0 X 0 0
7 10 D -1 0 X 0 0
8 10 C -1 0 X 0 0
10 10 A -1 0 X 0 0
13 10 D -1 0 X 0 0
18 10 WALL -1 0 X 0 0
20 10 B -1 0 X 0 0
21 10 D -1 0 X 0 0
22 10 C -1 0 X 0 0
0 11 WALL -1 0 X 0 0
1 11 A -1 0 X 0 0
4 11 B -1 0 X 0 0
5 11 B -1 0 X 0 0
8 11 D -1 0 X 0 0
13 11 C -1 0 X 0 0
15 11 A -1 0 X 0 0
16 11 C -1 0 X 0 0
17 11 D -1 0 X 0 0
20 11 C -1 0 X 0 0
9 7 7 9
9 7 7 9
1
