24 12
98
3 0 B -1 0 X 0 0
5 0 C -1 0 X 0 0
8 0 B -1 0 X 0 0
9 0 A -1 0 X 0 0
10 0 WALL -1 0 X 0 0
13 0 WALL -1 0 X 0 0
14 0 A -1 0 X 0 0
15 0 B -1 0 X 0 0
18 0 C -1 0 X 0 0
20 0 B -1 0 X 0 0
3 1 WALL -1 0 X 0 0
5 1 WALL -1 0 X 0 0
7 1 A -1 0 X 0 0
16 1 A -1 0 X 0 0
18 1 WALL -1 0 X 0 0
20 1 WALL -1 0 X 0 0
0 2 D -1 0 X 0 0
1 2 C -1 0 X 0 0
2 2 D -1 0 X 0 0
3 2 ROOT 1 1 N 0 1
4 2 C -1 0 X 0 0
5 2 WALL -1 0 X 0 0
18 2 WALL -1 0 X 0 0
19 2 C -1 0 X 0 0
20 2 ROOT 0 2 N 0 2
21 2 D -1 0 X 0 0
22 2 C -1 0 X 0 0
23 2 D -1 0 X 0 0
0 3 D -1 0 X 0 0
1 3 WALL -1 0 X 0 0
4 3 B -1 0 X 0 0
6 3 A -1 0 X 0 0
9 3 WALL -1 0 X 0 0
11 3 WALL -1 0 X 0 0
12 3 WALL -1 0 X 0 0
14 3 WALL -1 0 X 0 0
17 3 A -1 0 X 0 0
19 3 B -1 0 X 0 0
22 3 WALL -1 0 X 0 0
23 3 D -1 0 X 0 0
0 4 WALL -1 0 X 0 0
5 4 A -1 0 X 0 0
9 4 D -1 0 X 0 0
11 4 WALL -1 0 X 0 0
12 4 WALL -1 0 X 0 0
14 4 D -1 0 X 0 0
18 4 A -1 0 X 0 0
23 4 WALL -1 0 X 0 0
0 5 WALL -1 0 X 0 0
2 5 WALL -1 0 X 0 0
5 5 B -1 0 X 0 0
7 5 D -1 0 X 0 0
8 5 B -1 0 X 0 0
11 5 WALL -1 0 X 0 0
12 5 WALL -1 0 X 0 0
15 5 B -1 0 X 0 0
16 5 D -1 0 X 0 0
18 5 B -1 0 X 0 0
21 5 WALL -1 0 X 0 0
23 5 WALL -1 0 X 0 0
11 6 D -1 0 X 0 0
12 6 D -1 0 X 0 0
0 7 WALL -1 0 X 0 0
7 7 WALL -1 0 X 0 0
16 7 WALL -1 0 X 0 0
23 7 WALL -1 0 X 0 0
0 8 WALL -1 0 X 0 0
1 8 B -1 0 X 0 0
8 8 WALL -1 0 X 0 0
15 8 WALL -1 0 X 0 0
22 8 B -1 0 X 0 0
23 8 WALL -1 0 X 0 0
8 9 WALL -1 0 X 0 0
9 9 WALL -1 0 X 0 0
10 9 C -1 0 X 0 0
13 9 C -1 0 X 0 0
14 9 WALL -1 0 X 0 0
15 9 WALL -1 0 X 0 0
1 10 C -1 0 X 0 0
4 10 WALL -1 0 X 0 0
5 10 C -1 0 X 0 0
6 10 A -1 0 X 0 0
10 10 WALL -1 0 X 0 0
13 10 WALL -1 0 X 0 0
17 10 A -1 0 X 0 0
18 10 C -1 0 X 0 0
19 10 WALL -1 0 X 0 0
22 10 C -1 0 X 0 0
1 11 WALL -1 0 X 0 0
4 11 WALL -1 0 X 0 0
6 11 C -1 0 X 0 0
10 11 B -1 0 X 0 0
11 11 A -1 0 X 0 0
12 11 A -1 0 X 0 0
13 11 B -1 0 X 0 0
17 11 C -1 0 X 0 0
19 11 WALL -1 0 X 0 0
22 11 WALL -1 0 X 0 0
8 9 10 6
8 9 10 6
1
