18 9
28
3 0 A -1 0 X 0 0
6 0 D -1 0 X 0 0
8 0 A -1 0 X 0 0
10 0 D -1 0 X 0 0
1 1 ROOT 0 1 N 0 1
5 1 WALL -1 0 X 0 0
6 1 WALL -1 0 X 0 0
12 1 B -1 0 X 0 0
1 2 C -1 0 X 0 0
12 2 WALL -1 0 X 0 0
15 2 A -1 0 X 0 0
4 3 B -1 0 X 0 0
11 3 C -1 0 X 0 0
4 4 WALL -1 0 X 0 0
13 4 WALL -1 0 X 0 0
6 5 C -1 0 X 0 0
13 5 B -1 0 X 0 0
2 6 A -1 0 X 0 0
5 6 WALL -1 0 X 0 0
16 6 C -1 0 X 0 0
5 7 B -1 0 X 0 0
11 7 WALL -1 0 X 0 0
12 7 WALL -1 0 X 0 0
16 7 ROOT 1 2 N 0 2
7 8 D -1 0 X 0 0
9 8 A -1 0 X 0 0
11 8 D -1 0 X 0 0
14 8 A -1 0 X 0 0
8 3 10 8
8 3 10 8
1
