24 12
30
2 0 ROOT 0 1 N 0 1
21 0 ROOT 1 2 N 0 2
4 1 A -1 0 X 0 0
19 1 A -1 0 X 0 0
2 2 B -1 0 X 0 0
3 2 D -1 0 X 0 0
20 2 D -1 0 X 0 0
21 2 B -1 0 X 0 0
2 3 WALL -1 0 X 0 0
4 3 C -1 0 X 0 0
8 3 WALL -1 0 X 0 0
11 3 C -1 0 X 0 0
12 3 C -1 0 X 0 0
15 3 WALL -1 0 X 0 0
19 3 C -1 0 X 0 0
21 3 WALL -1 0 X 0 0
4 4 D -1 0 X 0 0
6 4 WALL -1 0 X 0 0
17 4 WALL -1 0 X 0 0
19 4 D -1 0 X 0 0
9 5 WALL -1 0 X 0 0
10 5 B -1 0 X 0 0
13 5 B -1 0 X 0 0
14 5 WALL -1 0 X 0 0
11 6 A -1 0 X 0 0
12 6 A -1 0 X 0 0
6 8 WALL -1 0 X 0 0
17 8 WALL -1 0 X 0 0
4 11 WALL -1 0 X 0 0
19 11 WALL -1 0 X 0 0
7 7 6 5
7 7 6 5
1
