20 10
38
2 0 B -1 0 X 0 0
17 0 B -1 0 X 0 0
1 1 D -1 0 X 0 0
18 1 D -1 0 X 0 0
2 2 ROOT 1 1 N 0 1
7 2 A -1 0 X 0 0
12 2 A -1 0 X 0 0
17 2 ROOT 0 2 N 0 2
0 3 B -1 0 X 0 0
19 3 B -1 0 X 0 0
1 4 A -1 0 X 0 0
3 4 C -1 0 X 0 0
4 4 D -1 0 X 0 0
9 4 C -1 0 X 0 0
10 4 C -1 0 X 0 0
15 4 D -1 0 X 0 0
16 4 C -1 0 X 0 0
18 4 A -1 0 X 0 0
2 5 D -1 0 X 0 0
5 5 B -1 0 X 0 0
14 5 B -1 0 X 0 0
17 5 D -1 0 X 0 0
0 6 WALL -1 0 X 0 0
4 6 WALL -1 0 X 0 0
6 6 WALL -1 0 X 0 0
13 6 WALL -1 0 X 0 0
15 6 WALL -1 0 X 0 0
19 6 WALL -1 0 X 0 0
2 7 WALL -1 0 X 0 0
5 7 WALL -1 0 X 0 0
14 7 WALL -1 0 X 0 0
17 7 WALL -1 0 X 0 0
3 8 C -1 0 X 0 0
9 8 A -1 0 X 0 0
10 8 A -1 0 X 0 0
16 8 C -1 0 X 0 0
6 9 WALL -1 0 X 0 0
13 9 WALL -1 0 X 0 0
7 8 3 3
7 8 3 3
1
