18 9
42
7 0 WALL -1 0 X 0 0
9 0 C -1 0 X 0 0
11 0 WALL -1 0 X 0 0
12 0 C -1 0 X 0 0
15 0 A -1 0 X 0 0
1 1 ROOT 0 1 N 0 1
11 1 WALL -1 0 X 0 0
16 1 B -1 0 X 0 0
0 2 D -1 0 X 0 0
4 2 B -1 0 X 0 0
16 2 D -1 0 X 0 0
17 2 WALL -1 0 X 0 0
0 3 B -1 0 X 0 0
6 3 WALL -1 0 X 0 0
13 3 B -1 0 X 0 0
14 3 C -1 0 X 0 0
17 3 A -1 0 X 0 0
2 4 C -1 0 X 0 0
3 4 WALL -1 0 X 0 0
5 4 D -1 0 X 0 0
8 4 A -1 0 X 0 0
9 4 A -1 0 X 0 0
12 4 D -1 0 X 0 0
14 4 WALL -1 0 X 0 0
15 4 C -1 0 X 0 0
0 5 A -1 0 X 0 0
3 5 C -1 0 X 0 0
4 5 B -1 0 X 0 0
11 5 WALL -1 0 X 0 0
17 5 B -1 0 X 0 0
0 6 WALL -1 0 X 0 0
1 6 D -1 0 X 0 0
13 6 B -1 0 X 0 0
17 6 D -1 0 X 0 0
1 7 B -1 0 X 0 0
6 7 WALL -1 0 X 0 0
16 7 ROOT 1 2 N 0 2
2 8 A -1 0 X 0 0
5 8 C -1 0 X 0 0
6 8 WALL -1 0 X 0 0
8 8 C -1 0 X 0 0
10 8 WALL -1 0 X 0 0
3 10 5 6
3 10 5 6
1
