24 12
54
3 0 D -1 0 X 0 0
20 0 D -1 0 X 0 0
0 1 ROOT 0 1 N 0 1
23 1 ROOT 1 2 N 0 2
0 2 A -1 0 X 0 0
1 2 WALL -1 0 X 0 0
8 2 D -1 0 X 0 0
15 2 D -1 0 X 0 0
22 2 WALL -1 0 X 0 0
23 2 A -1 0 X 0 0
2 3 WALL -1 0 X 0 0
4 3 WALL -1 0 X 0 0
5 3 A -1 0 X 0 0
18 3 A -1 0 X 0 0
19 3 WALL -1 0 X 0 0
21 3 WALL -1 0 X 0 0
2 4 WALL -1 0 X 0 0
8 4 D -1 0 X 0 0
11 4 WALL -1 0 X 0 0
12 4 WALL -1 0 X 0 0
15 4 D -1 0 X 0 0
21 4 WALL -1 0 X 0 0
1 5 WALL -1 0 X 0 0
2 5 B -1 0 X 0 0
10 5 B -1 0 X 0 0
13 5 B -1 0 X 0 0
21 5 B -1 0 X 0 0
22 5 WALL -1 0 X 0 0
1 6 C -1 0 X 0 0
4 6 C -1 0 X 0 0
5 6 WALL -1 0 X 0 0
9 6 C -1 0 X 0 0
14 6 C -1 0 X 0 0
18 6 WALL -1 0 X 0 0
19 6 C -1 0 X 0 0
22 6 C -1 0 X 0 0
1 7 A -1 0 X 0 0
2 7 WALL -1 0 X 0 0
4 7 D -1 0 X 0 0
7 7 A -1 0 X 0 0
16 7 A -1 0 X 0 0
19 7 D -1 0 X 0 0
21 7 WALL -1 0 X 0 0
22 7 A -1 0 X 0 0
0 8 C -1 0 X 0 0
23 8 C -1 0 X 0 0
1 10 B -1 0 X 0 0
4 10 WALL -1 0 X 0 0
5 10 B -1 0 X 0 0
9 10 A -1 0 X 0 0
14 10 A -1 0 X 0 0
18 10 B -1 0 X 0 0
19 10 WALL -1 0 X 0 0
22 10 B -1 0 X 0 0
4 3 4 4
4 3 4 4
1
