24 12
114
2 0 WALL -1 0 X 0 0
7 0 C -1 0 X 0 0
8 0 B -1 0 X 0 0
9 0 C -1 0 X 0 0
10 0 A -1 0 X 0 0
12 0 D -1 0 X 0 0
14 0 WALL -1 0 X 0 0
16 0 C -1 0 X 0 0
17 0 A -1 0 X 0 0
19 0 WALL -1 0 X 0 0
20 0 D -1 0 X 0 0
23 0 WALL -1 0 X 0 0
1 1 WALL -1 0 X 0 0
2 1 D -1 0 X 0 0
4 1 WALL -1 0 X 0 0
6 1 WALL -1 0 X 0 0
9 1 B -1 0 X 0 0
11 1 A -1 0 X 0 0
13 1 C -1 0 X 0 0
16 1 A -1 0 X 0 0
17 1 A -1 0 X 0 0
19 1 WALL -1 0 X 0 0
21 1 B -1 0 X 0 0
1 2 ROOT 1 1 N 0 1
3 2 C -1 0 X 0 0
4 2 WALL -1 0 X 0 0
14 2 D -1 0 X 0 0
19 2 WALL -1 0 X 0 0
21 2 WALL -1 0 X 0 0
22 2 D -1 0 X 0 0
23 2 WALL -1 0 X 0 0
3 3 C -1 0 X 0 0
4 3 WALL -1 0 X 0 0
5 3 A -1 0 X 0 0
6 3 WALL -1 0 X 0 0
10 3 A -1 0 X 0 0
11 3 C -1 0 X 0 0
13 3 WALL -1 0 X 0 0
21 3 D -1 0 X 0 0
22 3 B -1 0 X 0 0
8 4 D -1 0 X 0 0
9 4 WALL -1 0 X 0 0
11 4 WALL -1 0 X 0 0
15 4 A -1 0 X 0 0
17 4 C -1 0 X 0 0
18 4 A -1 0 X 0 0
21 4 WALL -1 0 X 0 0
4 5 WALL -1 0 X 0 0
5 5 B -1 0 X 0 0
6 5 WALL -1 0 X 0 0
7 5 B -1 0 X 0 0
10 5 WALL -1 0 X 0 0
13 5 WALL -1 0 X 0 0
14 5 WALL -1 0 X 0 0
16 5 B -1 0 X 0 0
18 5 D -1 0 X 0 0
20 5 WALL -1 0 X 0 0
3 6 WALL -1 0 X 0 0
5 6 D -1 0 X 0 0
7 6 B -1 0 X 0 0
9 6 WALL -1 0 X 0 0
10 6 WALL -1 0 X 0 0
13 6 WALL -1 0 X 0 0
16 6 B -1 0 X 0 0
17 6 WALL -1 0 X 0 0
18 6 B -1 0 X 0 0
19 6 WALL -1 0 X 0 0
2 7 WALL -1 0 X 0 0
5 7 A -1 0 X 0 0
6 7 C -1 0 X 0 0
8 7 A -1 0 X 0 0
12 7 WALL -1 0 X 0 0
14 7 WALL -1 0 X 0 0
15 7 D -1 0 X 0 0
1 8 B -1 0 X 0 0
2 8 D -1 0 X 0 0
10 8 WALL -1 0 X 0 0
12 8 C -1 0 X 0 0
13 8 A -1 0 X 0 0
17 8 WALL -1 0 X 0 0
18 8 A -1 0 X 0 0
19 8 WALL -1 0 X 0 0
20 8 C -1 0 X 0 0
0 9 WALL -1 0 X 0 0
1 9 D -1 0 X 0 0
2 9 WALL -1 0 X 0 0
4 9 WALL -1 0 X 0 0
9 9 D -1 0 X 0 0
19 9 WALL -1 0 X 0 0
20 9 C -1 0 X 0 0
22 9 ROOT 0 2 N 0 2
2 10 B -1 0 X 0 0
4 10 WALL -1 0 X 0 0
6 10 A -1 0 X 0 0
7 10 A -1 0 X 0 0
10 10 C -1 0 X 0 0
12 10 A -1 0 X 0 0
14 10 B -1 0 X 0 0
17 10 WALL -1 0 X 0 0
19 10 WALL -1 0 X 0 0
21 10 D -1 0 X 0 0
22 10 WALL -1 0 X 0 0
0 11 WALL -1 0 X 0 0
3 11 D -1 0 X 0 0
4 11 WALL -1 0 X 0 0
6 11 A -1 0 X 0 0
7 11 C -1 0 X 0 0
9 11 WALL -1 0 X 0 0
11 11 D -1 0 X 0 0
13 11 A -1 0 X 0 0
14 11 C -1 0 X 0 0
15 11 B -1 0 X 0 0
16 11 C -1 0 X 0 0
21 11 WALL -1 0 X 0 0
9 10 4 6
9 10 4 6
1
