16 8
48
0 0 WALL -1 0 X 0 0
1 0 C -1 0 X 0 0
3 0 B -1 0 X 0 0
7 0 A -1 0 X 0 0
11 0 WALL -1 0 X 0 0
5 1 B -1 0 X 0 0
6 1 WALL -1 0 X 0 0
7 1 D -1 0 X 0 0
10 1 WALL -1 0 X 0 0
11 1 D -1 0 X 0 0
15 1 A -1 0 X 0 0
2 2 B -1 0 X 0 0
3 2 C -1 0 X 0 0
4 2 D -1 0 X 0 0
6 2 D -1 0 X 0 0
11 2 WALL -1 0 X 0 0
14 2 WALL -1 0 X 0 0
15 2 A -1 0 X 0 0
0 3 C -1 0 X 0 0
1 3 ROOT 1 1 N 0 1
7 3 B -1 0 X 0 0
9 3 C -1 0 X 0 0
10 3 WALL -1 0 X 0 0
15 3 A -1 0 X 0 0
0 4 A -1 0 X 0 0
5 4 WALL -1 0 X 0 0
6 4 C -1 0 X 0 0
8 4 B -1 0 X 0 0
14 4 ROOT 0 2 N 0 2
15 4 C -1 0 X 0 0
0 5 A -1 0 X 0 0
1 5 WALL -1 0 X 0 0
4 5 WALL -1 0 X 0 0
9 5 D -1 0 X 0 0
11 5 D -1 0 X 0 0
12 5 C -1 0 X 0 0
13 5 B -1 0 X 0 0
0 6 A -1 0 X 0 0
4 6 D -1 0 X 0 0
5 6 WALL -1 0 X 0 0
8 6 D -1 0 X 0 0
9 6 WALL -1 0 X 0 0
10 6 B -1 0 X 0 0
4 7 WALL -1 0 X 0 0
8 7 A -1 0 X 0 0
12 7 B -1 0 X 0 0
14 7 C -1 0 X 0 0
15 7 WALL -1 0 X 0 0
9 10 9 10
9 10 9 10
1
