20 10
48
0 0 A -1 0 X 0 0
5 0 C -1 0 X 0 0
6 0 D -1 0 X 0 0
9 0 C -1 0 X 0 0
10 0 C -1 0 X 0 0
13 0 D -1 0 X 0 0
14 0 C -1 0 X 0 0
19 0 A -1 0 X 0 0
0 1 WALL -1 0 X 0 0
1 1 WALL -1 0 X 0 0
3 1 ROOT 0 1 N 0 1
5 1 D -1 0 X 0 0
8 1 B -1 0 X 0 0
11 1 B -1 0 X 0 0
14 1 D -1 0 X 0 0
16 1 ROOT 1 2 N 0 2
18 1 WALL -1 0 X 0 0
19 1 WALL -1 0 X 0 0
4 2 WALL -1 0 X 0 0
8 2 B -1 0 X 0 0
11 2 B -1 0 X 0 0
15 2 WALL -1 0 X 0 0
9 3 D -1 0 X 0 0
10 3 D -1 0 X 0 0
0 4 B -1 0 X 0 0
5 4 B -1 0 X 0 0
7 4 A -1 0 X 0 0
12 4 A -1 0 X 0 0
14 4 B -1 0 X 0 0
19 4 B -1 0 X 0 0
1 5 WALL -1 0 X 0 0
2 5 A -1 0 X 0 0
7 5 C -1 0 X 0 0
12 5 C -1 0 X 0 0
17 5 A -1 0 X 0 0
18 5 WALL -1 0 X 0 0
0 6 D -1 0 X 0 0
8 6 WALL -1 0 X 0 0
11 6 WALL -1 0 X 0 0
19 6 D -1 0 X 0 0
0 7 A -1 0 X 0 0
6 7 WALL -1 0 X 0 0
13 7 WALL -1 0 X 0 0
19 7 A -1 0 X 0 0
0 8 C -1 0 X 0 0
3 8 A -1 0 X 0 0
16 8 A -1 0 X 0 0
19 8 C -1 0 X 0 0
3 7 9 10
3 7 9 10
1
