20 10
32
17 0 C -1 0 X 0 0
4 1 D -1 0 X 0 0
9 1 A -1 0 X 0 0
3 2 A -1 0 X 0 0
4 2 A -1 0 X 0 0
6 2 D -1 0 X 0 0
13 2 WALL -1 0 X 0 0
1 3 ROOT 1 1 N 0 1
5 3 A -1 0 X 0 0
6 3 B -1 0 X 0 0
14 3 B -1 0 X 0 0
16 3 WALL -1 0 X 0 0
1 4 D -1 0 X 0 0
9 4 C -1 0 X 0 0
14 4 C -1 0 X 0 0
16 4 B -1 0 X 0 0
3 5 B -1 0 X 0 0
5 5 C -1 0 X 0 0
10 5 C -1 0 X 0 0
18 5 D -1 0 X 0 0
3 6 WALL -1 0 X 0 0
5 6 B -1 0 X 0 0
13 6 B -1 0 X 0 0
14 6 A -1 0 X 0 0
18 6 ROOT 0 2 N 0 2
6 7 WALL -1 0 X 0 0
13 7 D -1 0 X 0 0
15 7 A -1 0 X 0 0
16 7 A -1 0 X 0 0
10 8 A -1 0 X 0 0
15 8 D -1 0 X 0 0
2 9 C -1 0 X 0 0
9 3 5 7
9 3 5 7
1
