16 8
30
10 0 C -1 0 X 0 0
12 0 WALL -1 0 X 0 0
15 0 WALL -1 0 X 0 0
0 1 ROOT 0 1 N 0 1
8 1 WALL -1 0 X 0 0
11 1 D -1 0 X 0 0
12 1 B -1 0 X 0 0
15 1 WALL -1 0 X 0 0
1 2 D -1 0 X 0 0
5 2 C -1 0 X 0 0
11 2 A -1 0 X 0 0
3 3 A -1 0 X 0 0
7 3 B -1 0 X 0 0
12 3 A -1 0 X 0 0
14 3 B -1 0 X 0 0
1 4 B -1 0 X 0 0
3 4 A -1 0 X 0 0
8 4 B -1 0 X 0 0
12 4 A -1 0 X 0 0
4 5 A -1 0 X 0 0
10 5 C -1 0 X 0 0
14 5 D -1 0 X 0 0
0 6 WALL -1 0 X 0 0
3 6 B -1 0 X 0 0
4 6 D -1 0 X 0 0
7 6 WALL -1 0 X 0 0
15 6 ROOT 1 2 N 0 2
0 7 WALL -1 0 X 0 0
3 7 WALL -1 0 X 0 0
5 7 C -1 0 X 0 0
3 8 4 10
3 8 4 10
1
