18 9
52
1 0 C -1 0 X 0 0
3 0 WALL -1 0 X 0 0
15 0 C -1 0 X 0 0
17 0 WALL -1 0 X 0 0
0 1 ROOT 1 1 N 0 1
2 1 WALL -1 0 X 0 0
3 1 B -1 0 X 0 0
6 1 A -1 0 X 0 0
7 1 C -1 0 X 0 0
8 1 A -1 0 X 0 0
10 1 A -1 0 X 0 0
15 1 B -1 0 X 0 0
10 2 A -1 0 X 0 0
15 2 B -1 0 X 0 0
2 3 A -1 0 X 0 0
3 3 WALL -1 0 X 0 0
4 3 D -1 0 X 0 0
5 3 WALL -1 0 X 0 0
7 3 D -1 0 X 0 0
9 3 C -1 0 X 0 0
10 3 B -1 0 X 0 0
12 3 C -1 0 X 0 0
17 3 WALL -1 0 X 0 0
1 4 B -1 0 X 0 0
3 4 A -1 0 X 0 0
7 4 D -1 0 X 0 0
10 4 D -1 0 X 0 0
14 4 A -1 0 X 0 0
16 4 B -1 0 X 0 0
0 5 WALL -1 0 X 0 0
5 5 C -1 0 X 0 0
7 5 B -1 0 X 0 0
8 5 C -1 0 X 0 0
10 5 D -1 0 X 0 0
12 5 WALL -1 0 X 0 0
13 5 D -1 0 X 0 0
14 5 WALL -1 0 X 0 0
15 5 A -1 0 X 0 0
2 6 B -1 0 X 0 0
7 6 A -1 0 X 0 0
2 7 B -1 0 X 0 0
7 7 A -1 0 X 0 0
9 7 A -1 0 X 0 0
10 7 C -1 0 X 0 0
11 7 A -1 0 X 0 0
14 7 B -1 0 X 0 0
15 7 WALL -1 0 X 0 0
17 7 ROOT 0 2 N 0 2
0 8 WALL -1 0 X 0 0
2 8 C -1 0 X 0 0
14 8 WALL -1 0 X 0 0
16 8 C -1 0 X 0 0
9 4 9 9
9 4 9 9
1
