18 9
30
3 0 B -1 0 X 0 0
14 0 B -1 0 X 0 0
8 1 D -1 0 X 0 0
9 1 D -1 0 X 0 0
3 2 ROOT 1 1 N 0 1
14 2 ROOT 0 2 N 0 2
1 3 A -1 0 X 0 0
8 3 WALL -1 0 X 0 0
9 3 WALL -1 0 X 0 0
16 3 A -1 0 X 0 0
8 4 B -1 0 X 0 0
9 4 B -1 0 X 0 0
4 5 B -1 0 X 0 0
5 5 C -1 0 X 0 0
6 5 C -1 0 X 0 0
11 5 C -1 0 X 0 0
12 5 C -1 0 X 0 0
13 5 B -1 0 X 0 0
0 7 A -1 0 X 0 0
4 7 B -1 0 X 0 0
8 7 C -1 0 X 0 0
9 7 C -1 0 X 0 0
13 7 B -1 0 X 0 0
17 7 A -1 0 X 0 0
4 8 A -1 0 X 0 0
5 8 D -1 0 X 0 0
7 8 D -1 0 X 0 0
10 8 D -1 0 X 0 0
12 8 D -1 0 X 0 0
13 8 A -1 0 X 0 0
4 10 5 5
4 10 5 5
1
