24 12
66
2 0 B -1 0 X 0 0
3 0 D -1 0 X 0 0
7 0 WALL -1 0 X 0 0
19 0 D -1 0 X 0 0
21 0 A -1 0 X 0 0
23 0 A -1 0 X 0 0
1 1 ROOT 0 1 N 0 1
4 1 WALL -1 0 X 0 0
7 1 WALL -1 0 X 0 0
15 1 A -1 0 X 0 0
21 1 WALL -1 0 X 0 0
23 1 C -1 0 X 0 0
5 2 A -1 0 X 0 0
10 2 WALL -1 0 X 0 0
11 2 C -1 0 X 0 0
12 2 D -1 0 X 0 0
23 2 B -1 0 X 0 0
2 3 WALL -1 0 X 0 0
4 3 C -1 0 X 0 0
5 3 B -1 0 X 0 0
6 3 A -1 0 X 0 0
10 3 D -1 0 X 0 0
13 3 B -1 0 X 0 0
19 3 A -1 0 X 0 0
0 4 B -1 0 X 0 0
8 4 C -1 0 X 0 0
15 4 A -1 0 X 0 0
19 4 WALL -1 0 X 0 0
23 4 C -1 0 X 0 0
9 5 B -1 0 X 0 0
12 5 D -1 0 X 0 0
18 5 B -1 0 X 0 0
22 5 C -1 0 X 0 0
1 6 C -1 0 X 0 0
5 6 B -1 0 X 0 0
11 6 D -1 0 X 0 0
14 6 B -1 0 X 0 0
0 7 C -1 0 X 0 0
4 7 WALL -1 0 X 0 0
8 7 A -1 0 X 0 0
15 7 C -1 0 X 0 0
23 7 B -1 0 X 0 0
4 8 A -1 0 X 0 0
10 8 B -1 0 X 0 0
13 8 D -1 0 X 0 0
17 8 A -1 0 X 0 0
18 8 B -1 0 X 0 0
19 8 C -1 0 X 0 0
21 8 WALL -1 0 X 0 0
0 9 B -1 0 X 0 0
11 9 D -1 0 X 0 0
12 9 C -1 0 X 0 0
13 9 WALL -1 0 X 0 0
18 9 A -1 0 X 0 0
0 10 C -1 0 X 0 0
2 10 WALL -1 0 X 0 0
8 10 A -1 0 X 0 0
16 10 WALL -1 0 X 0 0
19 10 WALL -1 0 X 0 0
22 10 ROOT 1 2 N 0 2
0 11 A -1 0 X 0 0
2 11 A -1 0 X 0 0
4 11 D -1 0 X 0 0
16 11 WALL -1 0 X 0 0
20 11 D -1 0 X 0 0
21 11 B -1 0 X 0 0
9 10 5 8
9 10 5 8
1
