22 11
44
0 0 WALL -1 0 X 0 0
11 0 WALL -1 0 X 0 0
12 0 C -1 0 X 0 0
14 0 D -1 0 X 0 0
16 0 B -1 0 X 0 0
19 0 C -1 0 X 0 0
13 1 A -1 0 X 0 0
18 1 B -1 0 X 0 0
19 1 B -1 0 X 0 0
0 2 ROOT 0 1 N 0 1
2 2 C -1 0 X 0 0
3 2 WALL -1 0 X 0 0
7 2 WALL -1 0 X 0 0
20 2 A -1 0 X 0 0
11 3 B -1 0 X 0 0
21 3 WALL -1 0 X 0 0
8 4 WALL -1 0 X 0 0
13 4 A -1 0 X 0 0
15 4 WALL -1 0 X 0 0
1 5 A -1 0 X 0 0
3 5 WALL -1 0 X 0 0
10 5 D -1 0 X 0 0
11 5 D -1 0 X 0 0
18 5 WALL -1 0 X 0 0
20 5 A -1 0 X 0 0
6 6 WALL -1 0 X 0 0
8 6 A -1 0 X 0 0
13 6 WALL -1 0 X 0 0
0 7 WALL -1 0 X 0 0
10 7 B -1 0 X 0 0
1 8 A -1 0 X 0 0
14 8 WALL -1 0 X 0 0
18 8 WALL -1 0 X 0 0
19 8 C -1 0 X 0 0
21 8 ROOT 1 2 N 0 2
2 9 B -1 0 X 0 0
3 9 B -1 0 X 0 0
8 9 A -1 0 X 0 0
2 10 C -1 0 X 0 0
5 10 B -1 0 X 0 0
7 10 D -1 0 X 0 0
9 10 C -1 0 X 0 0
10 10 WALL -1 0 X 0 0
21 10 WALL -1 0 X 0 0
3 7 5 5
3 7 5 5
1
