24 12
106
0 0 B -1 0 X 0 0
7 0 B -1 0 X 0 0
8 0 C -1 0 X 0 0
9 0 WALL -1 0 X 0 0
12 0 D -1 0 X 0 0
14 0 B -1 0 X 0 0
15 0 B -1 0 X 0 0
17 0 A -1 0 X 0 0
18 0 WALL -1 0 X 0 0
19 0 WALL -1 0 X 0 0
22 0 D -1 0 X 0 0
23 0 B -1 0 X 0 0
1 1 WALL -1 0 X 0 0
3 1 A -1 0 X 0 0
5 1 WALL -1 0 X 0 0
7 1 A -1 0 X 0 0
9 1 C -1 0 X 0 0
10 1 B -1 0 X 0 0
11 1 C -1 0 X 0 0
12 1 A -1 0 X 0 0
13 1 A -1 0 X 0 0
14 1 C -1 0 X 0 0
16 1 WALL -1 0 X 0 0
18 1 WALL -1 0 X 0 0
20 1 WALL -1 0 X 0 0
21 1 WALL -1 0 X 0 0
23 1 WALL -1 0 X 0 0
1 2 ROOT 1 1 N 0 1
5 2 B -1 0 X 0 0
10 2 C -1 0 X 0 0
15 2 WALL -1 0 X 0 0
20 2 D -1 0 X 0 0
21 2 D -1 0 X 0 0
6 3 A -1 0 X 0 0
9 3 D -1 0 X 0 0
13 3 WALL -1 0 X 0 0
16 3 WALL -1 0 X 0 0
17 3 A -1 0 X 0 0
18 3 WALL -1 0 X 0 0
19 3 D -1 0 X 0 0
21 3 WALL -1 0 X 0 0
23 3 A -1 0 X 0 0
4 4 D -1 0 X 0 0
11 4 D -1 0 X 0 0
17 4 A -1 0 X 0 0
18 4 C -1 0 X 0 0
20 4 B -1 0 X 0 0
5 5 D -1 0 X 0 0
7 5 C -1 0 X 0 0
8 5 A -1 0 X 0 0
10 5 WALL -1 0 X 0 0
11 5 WALL -1 0 X 0 0
19 5 B -1 0 X 0 0
4 6 B -1 0 X 0 0
12 6 WALL -1 0 X 0 0
13 6 WALL -1 0 X 0 0
15 6 A -1 0 X 0 0
16 6 C -1 0 X 0 0
18 6 D -1 0 X 0 0
3 7 B -1 0 X 0 0
5 7 C -1 0 X 0 0
6 7 A -1 0 X 0 0
12 7 D -1 0 X 0 0
19 7 D -1 0 X 0 0
0 8 A -1 0 X 0 0
2 8 WALL -1 0 X 0 0
4 8 D -1 0 X 0 0
5 8 WALL -1 0 X 0 0
6 8 A -1 0 X 0 0
7 8 WALL -1 0 X 0 0
10 8 WALL -1 0 X 0 0
14 8 D -1 0 X 0 0
17 8 A -1 0 X 0 0
2 9 D -1 0 X 0 0
3 9 D -1 0 X 0 0
8 9 WALL -1 0 X 0 0
13 9 C -1 0 X 0 0
18 9 B -1 0 X 0 0
22 9 ROOT 0 2 N 0 2
0 10 WALL -1 0 X 0 0
2 10 WALL -1 0 X 0 0
3 10 WALL -1 0 X 0 0
5 10 WALL -1 0 X 0 0
7 10 WALL -1 0 X 0 0
9 10 C -1 0 X 0 0
10 10 A -1 0 X 0 0
11 10 A -1 0 X 0 0
12 10 C -1 0 X 0 0
13 10 B -1 0 X 0 0
14 10 C -1 0 X 0 0
16 10 A -1 0 X 0 0
18 10 WALL -1 0 X 0 0
20 10 A -1 0 X 0 0
22 10 WALL -1 0 X 0 0
0 11 B -1 0 X 0 0
1 11 D -1 0 X 0 0
4 11 WALL -1 0 X 0 0
5 11 WALL -1 0 X 0 0
6 11 A -1 0 X 0 0
8 11 B -1 0 X 0 0
9 11 B -1 0 X 0 0
11 11 D -1 0 X 0 0
14 11 WALL -1 0 X 0 0
15 11 C -1 0 X 0 0
16 11 B -1 0 X 0 0
23 11 B -1 0 X 0 0
7 6 4 7
7 6 4 7
1
