18 9
32
1 0 ROOT 0 1 N 0 1
16 0 ROOT 1 2 N 0 2
1 1 D -1 0 X 0 0
4 1 C -1 0 X 0 0
5 1 WALL -1 0 X 0 0
8 1 B -1 0 X 0 0
9 1 B -1 0 X 0 0
12 1 WALL -1 0 X 0 0
13 1 C -1 0 X 0 0
16 1 D -1 0 X 0 0
5 3 A -1 0 X 0 0
6 3 C -1 0 X 0 0
7 3 WALL -1 0 X 0 0
10 3 WALL -1 0 X 0 0
11 3 C -1 0 X 0 0
12 3 A -1 0 X 0 0
2 5 WALL -1 0 X 0 0
3 5 A -1 0 X 0 0
14 5 A -1 0 X 0 0
15 5 WALL -1 0 X 0 0
6 6 D -1 0 X 0 0
8 6 C -1 0 X 0 0
9 6 C -1 0 X 0 0
11 6 D -1 0 X 0 0
6 7 B -1 0 X 0 0
11 7 B -1 0 X 0 0
1 8 A -1 0 X 0 0
2 8 B -1 0 X 0 0
3 8 D -1 0 X 0 0
14 8 D -1 0 X 0 0
15 8 B -1 0 X 0 0
16 8 A -1 0 X 0 0
3 4 7 8
3 4 7 8
1
