18 9
32
0 0 WALL -1 0 X 0 0
5 0 C -1 0 X 0 0
6 0 WALL -1 0 X 0 0
11 0 WALL -1 0 X 0 0
12 0 C -1 0 X 0 0
17 0 WALL -1 0 X 0 0
0 1 ROOT 1 1 N 0 1
17 1 ROOT 0 2 N 0 2
0 2 D -1 0 X 0 0
17 2 D -1 0 X 0 0
0 3 C -1 0 X 0 0
5 3 WALL -1 0 X 0 0
8 3 B -1 0 X 0 0
9 3 B -1 0 X 0 0
12 3 WALL -1 0 X 0 0
17 3 C -1 0 X 0 0
2 4 D -1 0 X 0 0
3 4 A -1 0 X 0 0
14 4 A -1 0 X 0 0
15 4 D -1 0 X 0 0
3 5 B -1 0 X 0 0
7 5 WALL -1 0 X 0 0
10 5 WALL -1 0 X 0 0
14 5 B -1 0 X 0 0
0 6 WALL -1 0 X 0 0
6 6 WALL -1 0 X 0 0
11 6 WALL -1 0 X 0 0
17 6 WALL -1 0 X 0 0
3 8 A -1 0 X 0 0
8 8 B -1 0 X 0 0
9 8 B -1 0 X 0 0
14 8 A -1 0 X 0 0
6 9 5 3
6 9 5 3
1
