18 9
36
3 0 A -1 0 X 0 0
6 0 C -1 0 X 0 0
2 1 ROOT 1 1 N 0 1
10 1 B -1 0 X 0 0
11 1 WALL -1 0 X 0 0
7 2 WALL -1 0 X 0 0
11 2 C -1 0 X 0 0
1 3 B -1 0 X 0 0
3 3 D -1 0 X 0 0
4 3 C -1 0 X 0 0
5 3 D -1 0 X 0 0
8 3 B -1 0 X 0 0
13 3 C -1 0 X 0 0
14 3 D -1 0 X 0 0
17 3 A -1 0 X 0 0
0 4 A -1 0 X 0 0
5 4 WALL -1 0 X 0 0
6 4 A -1 0 X 0 0
11 4 A -1 0 X 0 0
12 4 WALL -1 0 X 0 0
17 4 A -1 0 X 0 0
0 5 A -1 0 X 0 0
3 5 D -1 0 X 0 0
4 5 C -1 0 X 0 0
9 5 B -1 0 X 0 0
12 5 D -1 0 X 0 0
13 5 C -1 0 X 0 0
14 5 D -1 0 X 0 0
16 5 B -1 0 X 0 0
6 6 C -1 0 X 0 0
10 6 WALL -1 0 X 0 0
6 7 WALL -1 0 X 0 0
7 7 B -1 0 X 0 0
15 7 ROOT 0 2 N 0 2
11 8 C -1 0 X 0 0
14 8 A -1 0 X 0 0
7 9 9 6
7 9 9 6
1
