24 12
60
0 0 C -1 0 X 0 0
4 0 A -1 0 X 0 0
6 0 B -1 0 X 0 0
16 0 A -1 0 X 0 0
18 0 C -1 0 X 0 0
20 0 B -1 0 X 0 0
21 0 A -1 0 X 0 0
23 0 B -1 0 X 0 0
4 1 D -1 0 X 0 0
9 1 WALL -1 0 X 0 0
12 1 C -1 0 X 0 0
19 1 B -1 0 X 0 0
23 1 D -1 0 X 0 0
1 2 C -1 0 X 0 0
3 2 ROOT 1 1 N 0 1
18 2 D -1 0 X 0 0
6 3 WALL -1 0 X 0 0
8 3 B -1 0 X 0 0
23 3 A -1 0 X 0 0
0 4 WALL -1 0 X 0 0
1 4 A -1 0 X 0 0
3 4 A -1 0 X 0 0
17 4 C -1 0 X 0 0
1 5 WALL -1 0 X 0 0
4 5 WALL -1 0 X 0 0
12 5 C -1 0 X 0 0
13 5 D -1 0 X 0 0
17 5 WALL -1 0 X 0 0
22 5 B -1 0 X 0 0
23 5 D -1 0 X 0 0
0 6 D -1 0 X 0 0
1 6 B -1 0 X 0 0
6 6 WALL -1 0 X 0 0
10 6 D -1 0 X 0 0
11 6 C -1 0 X 0 0
19 6 WALL -1 0 X 0 0
22 6 WALL -1 0 X 0 0
6 7 C -1 0 X 0 0
20 7 A -1 0 X 0 0
22 7 A -1 0 X 0 0
23 7 WALL -1 0 X 0 0
0 8 A -1 0 X 0 0
15 8 B -1 0 X 0 0
17 8 WALL -1 0 X 0 0
5 9 D -1 0 X 0 0
20 9 ROOT 0 2 N 0 2
22 9 C -1 0 X 0 0
0 10 D -1 0 X 0 0
4 10 B -1 0 X 0 0
11 10 C -1 0 X 0 0
14 10 WALL -1 0 X 0 0
19 10 D -1 0 X 0 0
0 11 B -1 0 X 0 0
2 11 A -1 0 X 0 0
3 11 B -1 0 X 0 0
5 11 C -1 0 X 0 0
7 11 A -1 0 X 0 0
17 11 B -1 0 X 0 0
19 11 A -1 0 X 0 0
23 11 C -1 0 X 0 0
9 10 5 9
9 10 5 9
1
