22 11
58
6 0 A -1 0 X 0 0
7 0 A -1 0 X 0 0
8 0 A -1 0 X 0 0
9 0 D -1 0 X 0 0
13 0 B -1 0 X 0 0
15 0 C -1 0 X 0 0
16 0 C -1 0 X 0 0
20 0 WALL -1 0 X 0 0
0 1 ROOT 0 1 N 0 1
3 1 B -1 0 X 0 0
12 1 A -1 0 X 0 0
13 1 D -1 0 X 0 0
0 2 D -1 0 X 0 0
2 2 C -1 0 X 0 0
7 2 D -1 0 X 0 0
9 2 A -1 0 X 0 0
16 2 B -1 0 X 0 0
19 2 A -1 0 X 0 0
12 3 C -1 0 X 0 0
1 4 A -1 0 X 0 0
2 4 C -1 0 X 0 0
8 4 D -1 0 X 0 0
9 4 WALL -1 0 X 0 0
17 4 B -1 0 X 0 0
18 4 B -1 0 X 0 0
3 5 B -1 0 X 0 0
6 5 B -1 0 X 0 0
8 5 C -1 0 X 0 0
10 5 D -1 0 X 0 0
11 5 D -1 0 X 0 0
13 5 C -1 0 X 0 0
15 5 B -1 0 X 0 0
18 5 B -1 0 X 0 0
3 6 B -1 0 X 0 0
4 6 B -1 0 X 0 0
12 6 WALL -1 0 X 0 0
13 6 D -1 0 X 0 0
19 6 C -1 0 X 0 0
20 6 A -1 0 X 0 0
9 7 C -1 0 X 0 0
2 8 A -1 0 X 0 0
5 8 B -1 0 X 0 0
12 8 A -1 0 X 0 0
14 8 D -1 0 X 0 0
19 8 C -1 0 X 0 0
21 8 D -1 0 X 0 0
8 9 D -1 0 X 0 0
9 9 A -1 0 X 0 0
18 9 B -1 0 X 0 0
21 9 ROOT 1 2 N 0 2
1 10 WALL -1 0 X 0 0
5 10 C -1 0 X 0 0
6 10 C -1 0 X 0 0
8 10 B -1 0 X 0 0
12 10 D -1 0 X 0 0
13 10 A -1 0 X 0 0
14 10 A -1 0 X 0 0
15 10 A -1 0 X 0 0
9 9 6 9
9 9 6 9
1
