22 11
42
0 0 ROOT 0 1 N 0 1
4 0 A -1 0 X 0 0
6 0 WALL -1 0 X 0 0
12 0 WALL -1 0 X 0 0
2 1 C -1 0 X 0 0
7 1 WALL -1 0 X 0 0
11 1 WALL -1 0 X 0 0
13 1 C -1 0 X 0 0
14 1 B -1 0 X 0 0
15 1 D -1 0 X 0 0
7 2 WALL -1 0 X 0 0
14 2 A -1 0 X 0 0
9 3 WALL -1 0 X 0 0
15 3 A -1 0 X 0 0
16 3 B -1 0 X 0 0
4 4 WALL -1 0 X 0 0
5 4 WALL -1 0 X 0 0
6 4 WALL -1 0 X 0 0
11 4 C -1 0 X 0 0
18 4 D -1 0 X 0 0
5 5 B -1 0 X 0 0
16 5 B -1 0 X 0 0
3 6 D -1 0 X 0 0
10 6 C -1 0 X 0 0
15 6 WALL -1 0 X 0 0
16 6 WALL -1 0 X 0 0
17 6 WALL -1 0 X 0 0
5 7 B -1 0 X 0 0
6 7 A -1 0 X 0 0
12 7 WALL -1 0 X 0 0
7 8 A -1 0 X 0 0
14 8 WALL -1 0 X 0 0
6 9 D -1 0 X 0 0
7 9 B -1 0 X 0 0
8 9 C -1 0 X 0 0
10 9 WALL -1 0 X 0 0
14 9 WALL -1 0 X 0 0
19 9 C -1 0 X 0 0
9 10 WALL -1 0 X 0 0
15 10 WALL -1 0 X 0 0
17 10 A -1 0 X 0 0
21 10 ROOT 1 2 N 0 2
10 10 7 6
10 10 7 6
1
