24 12
44
2 0 WALL -1 0 X 0 0
16 0 A -1 0 X 0 0
1 1 WALL -1 0 X 0 0
4 1 A -1 0 X 0 0
9 1 A -1 0 X 0 0
15 1 B -1 0 X 0 0
20 1 A -1 0 X 0 0
0 2 B -1 0 X 0 0
1 2 ROOT 1 1 N 0 1
7 2 WALL -1 0 X 0 0
8 2 C -1 0 X 0 0
9 2 WALL -1 0 X 0 0
11 2 D -1 0 X 0 0
21 2 WALL -1 0 X 0 0
2 3 B -1 0 X 0 0
11 3 C -1 0 X 0 0
6 4 D -1 0 X 0 0
15 4 WALL -1 0 X 0 0
22 4 C -1 0 X 0 0
3 5 C -1 0 X 0 0
9 5 B -1 0 X 0 0
17 5 D -1 0 X 0 0
6 6 D -1 0 X 0 0
14 6 B -1 0 X 0 0
20 6 C -1 0 X 0 0
1 7 C -1 0 X 0 0
8 7 WALL -1 0 X 0 0
17 7 D -1 0 X 0 0
12 8 C -1 0 X 0 0
21 8 B -1 0 X 0 0
2 9 WALL -1 0 X 0 0
12 9 D -1 0 X 0 0
14 9 WALL -1 0 X 0 0
15 9 C -1 0 X 0 0
16 9 WALL -1 0 X 0 0
22 9 ROOT 0 2 N 0 2
23 9 B -1 0 X 0 0
3 10 A -1 0 X 0 0
8 10 B -1 0 X 0 0
14 10 A -1 0 X 0 0
19 10 A -1 0 X 0 0
22 10 WALL -1 0 X 0 0
7 11 A -1 0 X 0 0
21 11 WALL -1 0 X 0 0
5 4 7 3
5 4 7 3
1
