20 10
50
0 1 A -1 0 X 0 0
2 1 D -1 0 X 0 0
17 1 D -1 0 X 0 0
19 1 A -1 0 X 0 0
0 2 ROOT 0 1 N 0 1
6 2 A -1 0 X 0 0
13 2 A -1 0 X 0 0
19 2 ROOT 1 2 N 0 2
6 3 B -1 0 X 0 0
8 3 WALL -1 0 X 0 0
11 3 WALL -1 0 X 0 0
13 3 B -1 0 X 0 0
2 4 A -1 0 X 0 0
3 4 A -1 0 X 0 0
5 4 C -1 0 X 0 0
8 4 C -1 0 X 0 0
11 4 C -1 0 X 0 0
14 4 C -1 0 X 0 0
16 4 A -1 0 X 0 0
17 4 A -1 0 X 0 0
1 5 D -1 0 X 0 0
4 5 WALL -1 0 X 0 0
6 5 WALL -1 0 X 0 0
8 5 A -1 0 X 0 0
11 5 A -1 0 X 0 0
13 5 WALL -1 0 X 0 0
15 5 WALL -1 0 X 0 0
18 5 D -1 0 X 0 0
0 6 B -1 0 X 0 0
2 6 WALL -1 0 X 0 0
8 6 B -1 0 X 0 0
9 6 B -1 0 X 0 0
10 6 B -1 0 X 0 0
11 6 B -1 0 X 0 0
17 6 WALL -1 0 X 0 0
19 6 B -1 0 X 0 0
1 7 C -1 0 X 0 0
6 7 A -1 0 X 0 0
13 7 A -1 0 X 0 0
18 7 C -1 0 X 0 0
2 8 D -1 0 X 0 0
6 8 D -1 0 X 0 0
13 8 D -1 0 X 0 0
17 8 D -1 0 X 0 0
0 9 D -1 0 X 0 0
2 9 C -1 0 X 0 0
8 9 C -1 0 X 0 0
11 9 C -1 0 X 0 0
17 9 C -1 0 X 0 0
19 9 D -1 0 X 0 0
9 8 6 5
9 8 6 5
1
