24 12
78
8 0 WALL -1 0 X 0 0
13 0 D -1 0 X 0 0
14 0 C -1 0 X 0 0
15 0 WALL -1 0 X 0 0
16 0 A -1 0 X 0 0
18 0 A -1 0 X 0 0
21 0 C -1 0 X 0 0
3 1 C -1 0 X 0 0
17 1 B -1 0 X 0 0
21 1 D -1 0 X 0 0
0 2 A -1 0 X 0 0
1 2 B -1 0 X 0 0
6 2 A -1 0 X 0 0
9 2 B -1 0 X 0 0
11 2 B -1 0 X 0 0
14 2 A -1 0 X 0 0
18 2 B -1 0 X 0 0
23 2 C -1 0 X 0 0
1 3 ROOT 1 1 N 0 1
5 3 A -1 0 X 0 0
12 3 C -1 0 X 0 0
14 3 D -1 0 X 0 0
22 3 B -1 0 X 0 0
23 3 WALL -1 0 X 0 0
0 4 WALL -1 0 X 0 0
2 4 B -1 0 X 0 0
4 4 D -1 0 X 0 0
5 4 D -1 0 X 0 0
11 4 WALL -1 0 X 0 0
16 4 C -1 0 X 0 0
2 5 D -1 0 X 0 0
9 5 D -1 0 X 0 0
11 5 A -1 0 X 0 0
13 5 C -1 0 X 0 0
14 5 WALL -1 0 X 0 0
16 5 A -1 0 X 0 0
17 5 WALL -1 0 X 0 0
18 5 WALL -1 0 X 0 0
22 5 B -1 0 X 0 0
1 6 B -1 0 X 0 0
5 6 WALL -1 0 X 0 0
6 6 WALL -1 0 X 0 0
7 6 A -1 0 X 0 0
9 6 WALL -1 0 X 0 0
10 6 C -1 0 X 0 0
12 6 A -1 0 X 0 0
14 6 D -1 0 X 0 0
21 6 D -1 0 X 0 0
7 7 C -1 0 X 0 0
12 7 WALL -1 0 X 0 0
18 7 D -1 0 X 0 0
19 7 D -1 0 X 0 0
21 7 B -1 0 X 0 0
23 7 WALL -1 0 X 0 0
0 8 WALL -1 0 X 0 0
1 8 B -1 0 X 0 0
9 8 D -1 0 X 0 0
11 8 C -1 0 X 0 0
18 8 A -1 0 X 0 0
22 8 ROOT 0 2 N 0 2
0 9 C -1 0 X 0 0
5 9 B -1 0 X 0 0
9 9 A -1 0 X 0 0
12 9 B -1 0 X 0 0
14 9 B -1 0 X 0 0
17 9 A -1 0 X 0 0
22 9 B -1 0 X 0 0
23 9 A -1 0 X 0 0
2 10 D -1 0 X 0 0
6 10 B -1 0 X 0 0
20 10 C -1 0 X 0 0
2 11 C -1 0 X 0 0
5 11 A -1 0 X 0 0
7 11 A -1 0 X 0 0
8 11 WALL -1 0 X 0 0
9 11 C -1 0 X 0 0
10 11 D -1 0 X 0 0
15 11 WALL -1 0 X 0 0
10 7 8 9
10 7 8 9
1
