22 11
82
6 0 A -1 0 X 0 0
7 0 B -1 0 X 0 0
10 0 A -1 0 X 0 0
11 0 A -1 0 X 0 0
15 0 WALL -1 0 X 0 0
17 0 C -1 0 X 0 0
18 0 B -1 0 X 0 0
21 0 WALL -1 0 X 0 0
0 1 C -1 0 X 0 0
2 1 C -1 0 X 0 0
8 1 WALL -1 0 X 0 0
11 1 B -1 0 X 0 0
17 1 WALL -1 0 X 0 0
21 1 WALL -1 0 X 0 0
1 2 D -1 0 X 0 0
3 2 WALL -1 0 X 0 0
10 2 C -1 0 X 0 0
11 2 WALL -1 0 X 0 0
12 2 D -1 0 X 0 0
13 2 WALL -1 0 X 0 0
14 2 WALL -1 0 X 0 0
19 2 B -1 0 X 0 0
21 2 WALL -1 0 X 0 0
1 3 ROOT 1 1 N 0 1
5 3 D -1 0 X 0 0
9 3 C -1 0 X 0 0
11 3 WALL -1 0 X 0 0
19 3 B -1 0 X 0 0
20 3 D -1 0 X 0 0
0 4 WALL -1 0 X 0 0
1 4 C -1 0 X 0 0
5 4 A -1 0 X 0 0
12 4 WALL -1 0 X 0 0
14 4 WALL -1 0 X 0 0
16 4 D -1 0 X 0 0
21 4 A -1 0 X 0 0
2 5 WALL -1 0 X 0 0
4 5 WALL -1 0 X 0 0
5 5 WALL -1 0 X 0 0
7 5 A -1 0 X 0 0
10 5 B -1 0 X 0 0
11 5 B -1 0 X 0 0
14 5 A -1 0 X 0 0
16 5 WALL -1 0 X 0 0
17 5 WALL -1 0 X 0 0
19 5 WALL -1 0 X 0 0
0 6 A -1 0 X 0 0
5 6 D -1 0 X 0 0
7 6 WALL -1 0 X 0 0
9 6 WALL -1 0 X 0 0
16 6 A -1 0 X 0 0
20 6 C -1 0 X 0 0
21 6 WALL -1 0 X 0 0
1 7 D -1 0 X 0 0
2 7 B -1 0 X 0 0
10 7 WALL -1 0 X 0 0
12 7 C -1 0 X 0 0
16 7 D -1 0 X 0 0
20 7 ROOT 0 2 N 0 2
0 8 WALL -1 0 X 0 0
2 8 B -1 0 X 0 0
7 8 WALL -1 0 X 0 0
8 8 WALL -1 0 X 0 0
9 8 D -1 0 X 0 0
10 8 WALL -1 0 X 0 0
11 8 C -1 0 X 0 0
18 8 WALL -1 0 X 0 0
20 8 D -1 0 X 0 0
0 9 WALL -1 0 X 0 0
4 9 WALL -1 0 X 0 0
10 9 B -1 0 X 0 0
13 9 WALL -1 0 X 0 0
19 9 C -1 0 X 0 0
21 9 C -1 0 X 0 0
0 10 WALL -1 0 X 0 0
3 10 B -1 0 X 0 0
4 10 C -1 0 X 0 0
6 10 WALL -1 0 X 0 0
10 10 A -1 0 X 0 0
11 10 A -1 0 X 0 0
14 10 B -1 0 X 0 0
15 10 A -1 0 X 0 0
8 7 10 10
8 7 10 10
1
