16 8
42
4 0 WALL -1 0 X 0 0
5 0 A -1 0 X 0 0
10 0 A -1 0 X 0 0
11 0 WALL -1 0 X 0 0
3 1 ROOT 1 1 N 0 1
5 1 WALL -1 0 X 0 0
7 1 WALL -1 0 X 0 0
8 1 WALL -1 0 X 0 0
10 1 WALL -1 0 X 0 0
12 1 ROOT 0 2 N 0 2
2 2 WALL -1 0 X 0 0
4 2 B -1 0 X 0 0
11 2 B -1 0 X 0 0
13 2 WALL -1 0 X 0 0
6 3 WALL -1 0 X 0 0
9 3 WALL -1 0 X 0 0
3 4 D -1 0 X 0 0
12 4 D -1 0 X 0 0
0 5 D -1 0 X 0 0
3 5 D -1 0 X 0 0
4 5 C -1 0 X 0 0
11 5 C -1 0 X 0 0
12 5 D -1 0 X 0 0
15 5 D -1 0 X 0 0
1 6 WALL -1 0 X 0 0
2 6 WALL -1 0 X 0 0
4 6 B -1 0 X 0 0
5 6 A -1 0 X 0 0
6 6 A -1 0 X 0 0
9 6 A -1 0 X 0 0
10 6 A -1 0 X 0 0
11 6 B -1 0 X 0 0
13 6 WALL -1 0 X 0 0
14 6 WALL -1 0 X 0 0
2 7 B -1 0 X 0 0
4 7 A -1 0 X 0 0
5 7 C -1 0 X 0 0
6 7 WALL -1 0 X 0 0
9 7 WALL -1 0 X 0 0
10 7 C -1 0 X 0 0
11 7 A -1 0 X 0 0
13 7 B -1 0 X 0 0
7 9 6 8
7 9 6 8
1
