18 9
48
2 0 D -1 0 X 0 0
5 0 C -1 0 X 0 0
6 0 A -1 0 X 0 0
8 0 A -1 0 X 0 0
9 0 A -1 0 X 0 0
11 0 A -1 0 X 0 0
12 0 C -1 0 X 0 0
15 0 D -1 0 X 0 0
3 1 C -1 0 X 0 0
7 1 B -1 0 X 0 0
10 1 B -1 0 X 0 0
14 1 C -1 0 X 0 0
1 2 D -1 0 X 0 0
2 2 WALL -1 0 X 0 0
3 2 ROOT 0 1 N 0 1
14 2 ROOT 1 2 N 0 2
15 2 WALL -1 0 X 0 0
16 2 D -1 0 X 0 0
4 3 B -1 0 X 0 0
5 3 D -1 0 X 0 0
12 3 D -1 0 X 0 0
13 3 B -1 0 X 0 0
3 5 A -1 0 X 0 0
6 5 B -1 0 X 0 0
7 5 WALL -1 0 X 0 0
10 5 WALL -1 0 X 0 0
11 5 B -1 0 X 0 0
14 5 A -1 0 X 0 0
1 6 C -1 0 X 0 0
6 6 C -1 0 X 0 0
8 6 A -1 0 X 0 0
9 6 A -1 0 X 0 0
11 6 C -1 0 X 0 0
16 6 C -1 0 X 0 0
1 7 D -1 0 X 0 0
3 7 A -1 0 X 0 0
7 7 C -1 0 X 0 0
10 7 C -1 0 X 0 0
14 7 A -1 0 X 0 0
16 7 D -1 0 X 0 0
0 8 B -1 0 X 0 0
5 8 B -1 0 X 0 0
6 8 WALL -1 0 X 0 0
8 8 D -1 0 X 0 0
9 8 D -1 0 X 0 0
11 8 WALL -1 0 X 0 0
12 8 B -1 0 X 0 0
17 8 B -1 0 X 0 0
8 8 6 10
8 8 6 10
1
