18 9
48
0 1 WALL -1 0 X 0 0
1 1 C -1 0 X 0 0
3 1 WALL -1 0 X 0 0
5 1 A -1 0 X 0 0
6 1 A -1 0 X 0 0
11 1 A -1 0 X 0 0
12 1 A -1 0 X 0 0
14 1 WALL -1 0 X 0 0
16 1 C -1 0 X 0 0
17 1 WALL -1 0 X 0 0
1 2 WALL -1 0 X 0 0
7 2 C -1 0 X 0 0
8 2 B -1 0 X 0 0
9 2 B -1 0 X 0 0
10 2 C -1 0 X 0 0
16 2 WALL -1 0 X 0 0
1 3 ROOT 0 1 N 0 1
16 3 ROOT 1 2 N 0 2
0 4 D -1 0 X 0 0
1 4 B -1 0 X 0 0
2 4 D -1 0 X 0 0
3 4 A -1 0 X 0 0
4 4 WALL -1 0 X 0 0
6 4 C -1 0 X 0 0
7 4 B -1 0 X 0 0
10 4 B -1 0 X 0 0
11 4 C -1 0 X 0 0
13 4 WALL -1 0 X 0 0
14 4 A -1 0 X 0 0
15 4 D -1 0 X 0 0
16 4 B -1 0 X 0 0
17 4 D -1 0 X 0 0
6 5 B -1 0 X 0 0
8 5 WALL -1 0 X 0 0
9 5 WALL -1 0 X 0 0
11 5 B -1 0 X 0 0
4 6 D -1 0 X 0 0
5 6 D -1 0 X 0 0
12 6 D -1 0 X 0 0
13 6 D -1 0 X 0 0
2 7 WALL -1 0 X 0 0
5 7 WALL -1 0 X 0 0
7 7 A -1 0 X 0 0
8 7 C -1 0 X 0 0
9 7 C -1 0 X 0 0
10 7 A -1 0 X 0 0
12 7 WALL -1 0 X 0 0
15 7 WALL -1 0 X 0 0
10 4 10 10
10 4 10 10
1
