16 8
32
0 0 ROOT 1 1 N 0 1
3 0 A -1 0 X 0 0
4 0 B -1 0 X 0 0
5 0 B -1 0 X 0 0
7 0 D -1 0 X 0 0
8 0 D -1 0 X 0 0
10 0 B -1 0 X 0 0
11 0 B -1 0 X 0 0
12 0 A -1 0 X 0 0
15 0 ROOT 0 2 N 0 2
7 1 A -1 0 X 0 0
8 1 A -1 0 X 0 0
1 2 C -1 0 X 0 0
7 2 WALL -1 0 X 0 0
8 2 WALL -1 0 X 0 0
14 2 C -1 0 X 0 0
6 3 D -1 0 X 0 0
9 3 D -1 0 X 0 0
1 4 WALL -1 0 X 0 0
14 4 WALL -1 0 X 0 0
1 5 A -1 0 X 0 0
14 5 A -1 0 X 0 0
1 6 WALL -1 0 X 0 0
3 6 B -1 0 X 0 0
4 6 C -1 0 X 0 0
5 6 WALL -1 0 X 0 0
7 6 C -1 0 X 0 0
8 6 C -1 0 X 0 0
10 6 WALL -1 0 X 0 0
11 6 C -1 0 X 0 0
12 6 B -1 0 X 0 0
14 6 WALL -1 0 X 0 0
6 10 9 8
6 10 9 8
1
