20 10
54
1 0 WALL -1 0 X 0 0
18 0 WALL -1 0 X 0 0
2 1 ROOT 0 1 N 0 1
17 1 ROOT 1 2 N 0 2
6 2 A -1 0 X 0 0
8 2 B -1 0 X 0 0
9 2 D -1 0 X 0 0
10 2 D -1 0 X 0 0
11 2 B -1 0 X 0 0
13 2 A -1 0 X 0 0
0 3 B -1 0 X 0 0
1 3 A -1 0 X 0 0
3 3 B -1 0 X 0 0
16 3 B -1 0 X 0 0
18 3 A -1 0 X 0 0
19 3 B -1 0 X 0 0
6 4 A -1 0 X 0 0
7 4 A -1 0 X 0 0
8 4 C -1 0 X 0 0
9 4 WALL -1 0 X 0 0
10 4 WALL -1 0 X 0 0
11 4 C -1 0 X 0 0
12 4 A -1 0 X 0 0
13 4 A -1 0 X 0 0
0 5 A -1 0 X 0 0
1 5 D -1 0 X 0 0
3 5 D -1 0 X 0 0
5 5 C -1 0 X 0 0
6 5 D -1 0 X 0 0
8 5 B -1 0 X 0 0
11 5 B -1 0 X 0 0
13 5 D -1 0 X 0 0
14 5 C -1 0 X 0 0
16 5 D -1 0 X 0 0
18 5 D -1 0 X 0 0
19 5 A -1 0 X 0 0
0 6 C -1 0 X 0 0
5 6 D -1 0 X 0 0
7 6 A -1 0 X 0 0
12 6 A -1 0 X 0 0
14 6 D -1 0 X 0 0
19 6 C -1 0 X 0 0
2 7 C -1 0 X 0 0
17 7 C -1 0 X 0 0
1 8 B -1 0 X 0 0
4 8 B -1 0 X 0 0
7 8 D -1 0 X 0 0
12 8 D -1 0 X 0 0
15 8 B -1 0 X 0 0
18 8 B -1 0 X 0 0
3 9 C -1 0 X 0 0
9 9 C -1 0 X 0 0
10 9 C -1 0 X 0 0
16 9 C -1 0 X 0 0
10 3 5 6
10 3 5 6
1
