24 12
52
2 0 ROOT 1 1 N 0 1
10 0 A -1 0 X 0 0
16 0 A -1 0 X 0 0
23 0 C -1 0 X 0 0
2 1 C -1 0 X 0 0
9 1 C -1 0 X 0 0
10 1 B -1 0 X 0 0
11 1 B -1 0 X 0 0
12 1 B -1 0 X 0 0
14 1 D -1 0 X 0 0
6 2 A -1 0 X 0 0
19 2 A -1 0 X 0 0
22 2 C -1 0 X 0 0
1 3 B -1 0 X 0 0
8 3 WALL -1 0 X 0 0
10 3 B -1 0 X 0 0
14 3 D -1 0 X 0 0
1 4 A -1 0 X 0 0
7 4 D -1 0 X 0 0
17 4 C -1 0 X 0 0
21 4 D -1 0 X 0 0
2 5 B -1 0 X 0 0
7 5 WALL -1 0 X 0 0
17 5 A -1 0 X 0 0
21 5 C -1 0 X 0 0
23 5 D -1 0 X 0 0
0 6 D -1 0 X 0 0
2 6 C -1 0 X 0 0
6 6 A -1 0 X 0 0
16 6 WALL -1 0 X 0 0
21 6 B -1 0 X 0 0
2 7 D -1 0 X 0 0
6 7 C -1 0 X 0 0
16 7 D -1 0 X 0 0
22 7 A -1 0 X 0 0
9 8 D -1 0 X 0 0
13 8 B -1 0 X 0 0
15 8 WALL -1 0 X 0 0
22 8 B -1 0 X 0 0
1 9 C -1 0 X 0 0
4 9 A -1 0 X 0 0
17 9 A -1 0 X 0 0
9 10 D -1 0 X 0 0
11 10 B -1 0 X 0 0
12 10 B -1 0 X 0 0
13 10 B -1 0 X 0 0
14 10 C -1 0 X 0 0
21 10 C -1 0 X 0 0
0 11 C -1 0 X 0 0
7 11 A -1 0 X 0 0
13 11 A -1 0 X 0 0
21 11 ROOT 0 2 N 0 2
10 4 3 7
10 4 3 7
1
