16 8
38
0 0 WALL -1 0 X 0 0
6 0 WALL -1 0 X 0 0
8 0 D -1 0 X 0 0
9 0 B -1 0 X 0 0
10 0 B -1 0 X 0 0
13 0 C -1 0 X 0 0
3 1 B -1 0 X 0 0
5 1 C -1 0 X 0 0
10 1 WALL -1 0 X 0 0
2 2 ROOT 1 1 N 0 1
7 2 WALL -1 0 X 0 0
10 2 WALL -1 0 X 0 0
11 2 A -1 0 X 0 0
14 2 WALL -1 0 X 0 0
1 3 D -1 0 X 0 0
3 3 D -1 0 X 0 0
6 3 WALL -1 0 X 0 0
11 3 A -1 0 X 0 0
15 3 C -1 0 X 0 0
0 4 C -1 0 X 0 0
4 4 A -1 0 X 0 0
9 4 WALL -1 0 X 0 0
12 4 D -1 0 X 0 0
14 4 D -1 0 X 0 0
1 5 WALL -1 0 X 0 0
4 5 A -1 0 X 0 0
5 5 WALL -1 0 X 0 0
8 5 WALL -1 0 X 0 0
13 5 ROOT 0 2 N 0 2
5 6 WALL -1 0 X 0 0
10 6 C -1 0 X 0 0
12 6 B -1 0 X 0 0
2 7 C -1 0 X 0 0
5 7 B -1 0 X 0 0
6 7 B -1 0 X 0 0
7 7 D -1 0 X 0 0
9 7 WALL -1 0 X 0 0
15 7 WALL -1 0 X 0 0
10 9 7 3
10 9 7 3
1
