18 9
38
5 0 A -1 0 X 0 0
7 0 D -1 0 X 0 0
9 0 A -1 0 X 0 0
15 0 D -1 0 X 0 0
16 0 C -1 0 X 0 0
1 1 ROOT 1 1 N 0 1
17 1 C -1 0 X 0 0
3 2 B -1 0 X 0 0
8 2 C -1 0 X 0 0
9 2 C -1 0 X 0 0
10 2 WALL -1 0 X 0 0
14 2 WALL -1 0 X 0 0
2 3 WALL -1 0 X 0 0
4 3 B -1 0 X 0 0
12 3 B -1 0 X 0 0
15 3 B -1 0 X 0 0
2 4 A -1 0 X 0 0
4 4 WALL -1 0 X 0 0
7 4 A -1 0 X 0 0
10 4 A -1 0 X 0 0
13 4 WALL -1 0 X 0 0
15 4 A -1 0 X 0 0
2 5 B -1 0 X 0 0
5 5 B -1 0 X 0 0
13 5 B -1 0 X 0 0
15 5 WALL -1 0 X 0 0
3 6 WALL -1 0 X 0 0
7 6 WALL -1 0 X 0 0
8 6 C -1 0 X 0 0
9 6 C -1 0 X 0 0
14 6 B -1 0 X 0 0
0 7 C -1 0 X 0 0
16 7 ROOT 0 2 N 0 2
1 8 C -1 0 X 0 0
2 8 D -1 0 X 0 0
8 8 A -1 0 X 0 0
10 8 D -1 0 X 0 0
12 8 A -1 0 X 0 0
8 3 5 3
8 3 5 3
1
