22 11
88
0 0 WALL -1 0 X 0 0
1 0 B -1 0 X 0 0
6 0 A -1 0 X 0 0
10 0 A -1 0 X 0 0
11 0 B -1 0 X 0 0
12 0 WALL -1 0 X 0 0
20 0 D -1 0 X 0 0
21 0 WALL -1 0 X 0 0
2 1 C -1 0 X 0 0
3 1 WALL -1 0 X 0 0
4 1 A -1 0 X 0 0
7 1 C -1 0 X 0 0
8 1 C -1 0 X 0 0
9 1 D -1 0 X 0 0
10 1 C -1 0 X 0 0
11 1 D -1 0 X 0 0
17 1 B -1 0 X 0 0
20 1 B -1 0 X 0 0
21 1 D -1 0 X 0 0
1 2 WALL -1 0 X 0 0
4 2 WALL -1 0 X 0 0
5 2 C -1 0 X 0 0
7 2 WALL -1 0 X 0 0
11 2 A -1 0 X 0 0
14 2 WALL -1 0 X 0 0
18 2 B -1 0 X 0 0
19 2 WALL -1 0 X 0 0
20 2 WALL -1 0 X 0 0
0 3 WALL -1 0 X 0 0
1 3 WALL -1 0 X 0 0
2 3 ROOT 0 1 N 0 1
3 3 WALL -1 0 X 0 0
4 3 B -1 0 X 0 0
7 3 B -1 0 X 0 0
11 3 WALL -1 0 X 0 0
16 3 D -1 0 X 0 0
20 3 A -1 0 X 0 0
11 4 WALL -1 0 X 0 0
13 4 WALL -1 0 X 0 0
17 4 D -1 0 X 0 0
19 4 WALL -1 0 X 0 0
0 5 A -1 0 X 0 0
3 5 A -1 0 X 0 0
8 5 WALL -1 0 X 0 0
13 5 WALL -1 0 X 0 0
18 5 A -1 0 X 0 0
21 5 A -1 0 X 0 0
2 6 WALL -1 0 X 0 0
4 6 D -1 0 X 0 0
8 6 WALL -1 0 X 0 0
10 6 WALL -1 0 X 0 0
1 7 A -1 0 X 0 0
5 7 D -1 0 X 0 0
10 7 WALL -1 0 X 0 0
14 7 B -1 0 X 0 0
17 7 B -1 0 X 0 0
18 7 WALL -1 0 X 0 0
19 7 ROOT 1 2 N 0 2
20 7 WALL -1 0 X 0 0
21 7 WALL -1 0 X 0 0
1 8 WALL -1 0 X 0 0
2 8 WALL -1 0 X 0 0
3 8 B -1 0 X 0 0
7 8 WALL -1 0 X 0 0
10 8 A -1 0 X 0 0
14 8 WALL -1 0 X 0 0
16 8 C -1 0 X 0 0
17 8 WALL -1 0 X 0 0
20 8 WALL -1 0 X 0 0
0 9 D -1 0 X 0 0
1 9 B -1 0 X 0 0
4 9 B -1 0 X 0 0
10 9 D -1 0 X 0 0
11 9 C -1 0 X 0 0
12 9 D -1 0 X 0 0
13 9 C -1 0 X 0 0
14 9 C -1 0 X 0 0
17 9 A -1 0 X 0 0
18 9 WALL -1 0 X 0 0
19 9 C -1 0 X 0 0
0 10 WALL -1 0 X 0 0
1 10 D -1 0 X 0 0
9 10 WALL -1 0 X 0 0
10 10 B -1 0 X 0 0
11 10 A -1 0 X 0 0
15 10 A -1 0 X 0 0
20 10 B -1 0 X 0 0
21 10 WALL -1 0 X 0 0
7 8 6 7
7 8 6 7
1
