18 9
28
2 0 D -1 0 X 0 0
7 0 WALL -1 0 X 0 0
9 0 D -1 0 X 0 0
10 0 D -1 0 X 0 0
12 0 A -1 0 X 0 0
2 1 ROOT 0 1 N 0 1
4 1 A -1 0 X 0 0
10 1 C -1 0 X 0 0
3 2 C -1 0 X 0 0
11 2 B -1 0 X 0 0
17 2 B -1 0 X 0 0
10 3 C -1 0 X 0 0
11 3 B -1 0 X 0 0
17 3 A -1 0 X 0 0
0 5 A -1 0 X 0 0
6 5 B -1 0 X 0 0
7 5 C -1 0 X 0 0
0 6 B -1 0 X 0 0
6 6 B -1 0 X 0 0
14 6 C -1 0 X 0 0
7 7 C -1 0 X 0 0
13 7 A -1 0 X 0 0
15 7 ROOT 1 2 N 0 2
5 8 A -1 0 X 0 0
7 8 D -1 0 X 0 0
8 8 D -1 0 X 0 0
10 8 WALL -1 0 X 0 0
15 8 D -1 0 X 0 0
5 5 9 8
5 5 9 8
1
