22 11
40
6 0 C -1 0 X 0 0
15 0 C -1 0 X 0 0
1 2 ROOT 1 1 N 0 1
6 2 WALL -1 0 X 0 0
10 2 B -1 0 X 0 0
11 2 B -1 0 X 0 0
15 2 WALL -1 0 X 0 0
20 2 ROOT 0 2 N 0 2
0 4 C -1 0 X 0 0
3 4 B -1 0 X 0 0
9 4 D -1 0 X 0 0
12 4 D -1 0 X 0 0
18 4 B -1 0 X 0 0
21 4 C -1 0 X 0 0
0 5 D -1 0 X 0 0
4 5 A -1 0 X 0 0
5 5 C -1 0 X 0 0
16 5 C -1 0 X 0 0
17 5 A -1 0 X 0 0
21 5 D -1 0 X 0 0
2 7 A -1 0 X 0 0
5 7 C -1 0 X 0 0
8 7 D -1 0 X 0 0
13 7 D -1 0 X 0 0
16 7 C -1 0 X 0 0
19 7 A -1 0 X 0 0
3 8 B -1 0 X 0 0
5 8 WALL -1 0 X 0 0
7 8 A -1 0 X 0 0
10 8 WALL -1 0 X 0 0
11 8 WALL -1 0 X 0 0
14 8 A -1 0 X 0 0
16 8 WALL -1 0 X 0 0
18 8 B -1 0 X 0 0
3 9 WALL -1 0 X 0 0
7 9 A -1 0 X 0 0
8 9 B -1 0 X 0 0
13 9 B -1 0 X 0 0
14 9 A -1 0 X 0 0
18 9 WALL -1 0 X 0 0
9 4 9 8
9 4 9 8
1
