20 10
48
3 0 WALL -1 0 X 0 0
4 0 WALL -1 0 X 0 0
14 0 D -1 0 X 0 0
18 0 B -1 0 X 0 0
19 0 A -1 0 X 0 0
13 1 C -1 0 X 0 0
14 1 A -1 0 X 0 0
17 1 C -1 0 X 0 0
3 2 ROOT 0 1 N 0 1
4 2 WALL -1 0 X 0 0
5 2 WALL -1 0 X 0 0
6 2 D -1 0 X 0 0
10 2 B -1 0 X 0 0
12 2 A -1 0 X 0 0
18 2 C -1 0 X 0 0
6 3 A -1 0 X 0 0
9 3 B -1 0 X 0 0
11 3 D -1 0 X 0 0
16 3 C -1 0 X 0 0
2 4 D -1 0 X 0 0
3 4 WALL -1 0 X 0 0
4 4 A -1 0 X 0 0
7 4 B -1 0 X 0 0
19 4 WALL -1 0 X 0 0
0 5 WALL -1 0 X 0 0
12 5 B -1 0 X 0 0
15 5 A -1 0 X 0 0
16 5 WALL -1 0 X 0 0
17 5 D -1 0 X 0 0
3 6 C -1 0 X 0 0
8 6 D -1 0 X 0 0
10 6 B -1 0 X 0 0
13 6 A -1 0 X 0 0
1 7 C -1 0 X 0 0
7 7 A -1 0 X 0 0
9 7 B -1 0 X 0 0
13 7 D -1 0 X 0 0
14 7 WALL -1 0 X 0 0
15 7 WALL -1 0 X 0 0
16 7 ROOT 1 2 N 0 2
2 8 C -1 0 X 0 0
5 8 A -1 0 X 0 0
6 8 C -1 0 X 0 0
0 9 A -1 0 X 0 0
1 9 B -1 0 X 0 0
5 9 D -1 0 X 0 0
15 9 WALL -1 0 X 0 0
16 9 WALL -1 0 X 0 0
7 7 3 5
7 7 3 5
1
