24 12
82
1 0 ROOT 0 1 N 0 1
6 0 WALL -1 0 X 0 0
17 0 WALL -1 0 X 0 0
22 0 ROOT 1 2 N 0 2
0 1 C -1 0 X 0 0
1 1 C -1 0 X 0 0
3 1 WALL -1 0 X 0 0
5 1 B -1 0 X 0 0
6 1 C -1 0 X 0 0
9 1 WALL -1 0 X 0 0
10 1 WALL -1 0 X 0 0
13 1 WALL -1 0 X 0 0
14 1 WALL -1 0 X 0 0
17 1 C -1 0 X 0 0
18 1 B -1 0 X 0 0
20 1 WALL -1 0 X 0 0
22 1 C -1 0 X 0 0
23 1 C -1 0 X 0 0
0 2 B -1 0 X 0 0
9 2 WALL -1 0 X 0 0
14 2 WALL -1 0 X 0 0
23 2 B -1 0 X 0 0
3 3 B -1 0 X 0 0
4 3 WALL -1 0 X 0 0
6 3 WALL -1 0 X 0 0
17 3 WALL -1 0 X 0 0
19 3 WALL -1 0 X 0 0
20 3 B -1 0 X 0 0
3 4 WALL -1 0 X 0 0
6 4 B -1 0 X 0 0
7 4 D -1 0 X 0 0
9 4 D -1 0 X 0 0
14 4 D -1 0 X 0 0
16 4 D -1 0 X 0 0
17 4 B -1 0 X 0 0
20 4 WALL -1 0 X 0 0
0 5 WALL -1 0 X 0 0
7 5 D -1 0 X 0 0
16 5 D -1 0 X 0 0
23 5 WALL -1 0 X 0 0
0 6 B -1 0 X 0 0
5 6 B -1 0 X 0 0
9 6 WALL -1 0 X 0 0
14 6 WALL -1 0 X 0 0
18 6 B -1 0 X 0 0
23 6 B -1 0 X 0 0
2 7 A -1 0 X 0 0
8 7 WALL -1 0 X 0 0
10 7 A -1 0 X 0 0
11 7 C -1 0 X 0 0
12 7 C -1 0 X 0 0
13 7 A -1 0 X 0 0
15 7 WALL -1 0 X 0 0
21 7 A -1 0 X 0 0
2 8 WALL -1 0 X 0 0
4 8 D -1 0 X 0 0
5 8 WALL -1 0 X 0 0
18 8 WALL -1 0 X 0 0
19 8 D -1 0 X 0 0
21 8 WALL -1 0 X 0 0
5 9 A -1 0 X 0 0
11 9 A -1 0 X 0 0
12 9 A -1 0 X 0 0
18 9 A -1 0 X 0 0
0 10 D -1 0 X 0 0
3 10 C -1 0 X 0 0
4 10 D -1 0 X 0 0
5 10 A -1 0 X 0 0
6 10 A -1 0 X 0 0
7 10 WALL -1 0 X 0 0
16 10 WALL -1 0 X 0 0
17 10 A -1 0 X 0 0
18 10 A -1 0 X 0 0
19 10 D -1 0 X 0 0
20 10 C -1 0 X 0 0
23 10 D -1 0 X 0 0
0 11 B -1 0 X 0 0
5 11 C -1 0 X 0 0
7 11 C -1 0 X 0 0
16 11 C -1 0 X 0 0
18 11 C -1 0 X 0 0
23 11 B -1 0 X 0 0
9 6 7 5
9 6 7 5
1
