22 11
44
0 0 A -1 0 X 0 0
10 0 WALL -1 0 X 0 0
14 0 D -1 0 X 0 0
18 0 B -1 0 X 0 0
1 1 ROOT 0 1 N 0 1
3 1 D -1 0 X 0 0
15 1 B -1 0 X 0 0
4 2 WALL -1 0 X 0 0
6 2 WALL -1 0 X 0 0
8 2 C -1 0 X 0 0
15 2 A -1 0 X 0 0
18 2 WALL -1 0 X 0 0
4 3 C -1 0 X 0 0
13 3 B -1 0 X 0 0
17 3 A -1 0 X 0 0
8 4 A -1 0 X 0 0
9 4 C -1 0 X 0 0
11 4 D -1 0 X 0 0
0 5 B -1 0 X 0 0
8 5 C -1 0 X 0 0
9 5 WALL -1 0 X 0 0
10 5 D -1 0 X 0 0
11 5 D -1 0 X 0 0
12 5 WALL -1 0 X 0 0
13 5 C -1 0 X 0 0
21 5 B -1 0 X 0 0
10 6 D -1 0 X 0 0
12 6 C -1 0 X 0 0
13 6 A -1 0 X 0 0
4 7 A -1 0 X 0 0
8 7 B -1 0 X 0 0
17 7 C -1 0 X 0 0
3 8 WALL -1 0 X 0 0
6 8 A -1 0 X 0 0
13 8 C -1 0 X 0 0
15 8 WALL -1 0 X 0 0
17 8 WALL -1 0 X 0 0
6 9 B -1 0 X 0 0
18 9 D -1 0 X 0 0
20 9 ROOT 1 2 N 0 2
3 10 B -1 0 X 0 0
7 10 D -1 0 X 0 0
11 10 WALL -1 0 X 0 0
21 10 A -1 0 X 0 0
10 8 10 5
10 8 10 5
1
