20 10
38
3 0 C -1 0 X 0 0
4 0 B -1 0 X 0 0
10 0 A -1 0 X 0 0
14 0 WALL -1 0 X 0 0
16 0 D -1 0 X 0 0
13 1 C -1 0 X 0 0
14 1 C -1 0 X 0 0
0 2 A -1 0 X 0 0
8 2 B -1 0 X 0 0
9 2 WALL -1 0 X 0 0
19 2 D -1 0 X 0 0
3 3 ROOT 1 1 N 0 1
5 3 D -1 0 X 0 0
10 3 B -1 0 X 0 0
15 3 B -1 0 X 0 0
16 3 WALL -1 0 X 0 0
17 3 A -1 0 X 0 0
6 4 A -1 0 X 0 0
10 4 WALL -1 0 X 0 0
9 5 WALL -1 0 X 0 0
13 5 A -1 0 X 0 0
2 6 A -1 0 X 0 0
3 6 WALL -1 0 X 0 0
4 6 B -1 0 X 0 0
9 6 B -1 0 X 0 0
14 6 D -1 0 X 0 0
16 6 ROOT 0 2 N 0 2
0 7 D -1 0 X 0 0
10 7 WALL -1 0 X 0 0
11 7 B -1 0 X 0 0
19 7 A -1 0 X 0 0
5 8 C -1 0 X 0 0
6 8 C -1 0 X 0 0
3 9 D -1 0 X 0 0
5 9 WALL -1 0 X 0 0
9 9 A -1 0 X 0 0
15 9 B -1 0 X 0 0
16 9 C -1 0 X 0 0
6 6 4 8
6 6 4 8
1
