20 10
54
1 0 ROOT 0 1 N 0 1
5 0 B -1 0 X 0 0
14 0 B -1 0 X 0 0
18 0 ROOT 1 2 N 0 2
4 1 C -1 0 X 0 0
6 1 B -1 0 X 0 0
13 1 B -1 0 X 0 0
15 1 C -1 0 X 0 0
0 2 C -1 0 X 0 0
1 2 D -1 0 X 0 0
2 2 C -1 0 X 0 0
5 2 WALL -1 0 X 0 0
14 2 WALL -1 0 X 0 0
17 2 C -1 0 X 0 0
18 2 D -1 0 X 0 0
19 2 C -1 0 X 0 0
0 3 WALL -1 0 X 0 0
2 3 D -1 0 X 0 0
7 3 B -1 0 X 0 0
12 3 B -1 0 X 0 0
17 3 D -1 0 X 0 0
19 3 WALL -1 0 X 0 0
4 4 WALL -1 0 X 0 0
5 4 A -1 0 X 0 0
14 4 A -1 0 X 0 0
15 4 WALL -1 0 X 0 0
1 5 B -1 0 X 0 0
3 5 D -1 0 X 0 0
6 5 C -1 0 X 0 0
9 5 A -1 0 X 0 0
10 5 A -1 0 X 0 0
13 5 C -1 0 X 0 0
16 5 D -1 0 X 0 0
18 5 B -1 0 X 0 0
0 6 A -1 0 X 0 0
4 6 WALL -1 0 X 0 0
9 6 WALL -1 0 X 0 0
10 6 WALL -1 0 X 0 0
15 6 WALL -1 0 X 0 0
19 6 A -1 0 X 0 0
1 7 A -1 0 X 0 0
3 7 WALL -1 0 X 0 0
5 7 D -1 0 X 0 0
7 7 B -1 0 X 0 0
8 7 A -1 0 X 0 0
11 7 A -1 0 X 0 0
12 7 B -1 0 X 0 0
14 7 D -1 0 X 0 0
16 7 WALL -1 0 X 0 0
18 7 A -1 0 X 0 0
0 8 WALL -1 0 X 0 0
19 8 WALL -1 0 X 0 0
2 9 WALL -1 0 X 0 0
17 9 WALL -1 0 X 0 0
9 6 4 6
9 6 4 6
1
