18 9
36
3 0 B -1 0 X 0 0
4 0 WALL -1 0 X 0 0
5 0 C -1 0 X 0 0
10 0 D -1 0 X 0 0
4 1 C -1 0 X 0 0
11 1 A -1 0 X 0 0
17 1 B -1 0 X 0 0
0 2 WALL -1 0 X 0 0
3 2 C -1 0 X 0 0
4 2 A -1 0 X 0 0
5 2 C -1 0 X 0 0
7 2 B -1 0 X 0 0
10 2 B -1 0 X 0 0
12 2 A -1 0 X 0 0
17 2 D -1 0 X 0 0
2 3 ROOT 1 1 N 0 1
11 3 A -1 0 X 0 0
0 4 D -1 0 X 0 0
17 4 D -1 0 X 0 0
6 5 A -1 0 X 0 0
15 5 ROOT 0 2 N 0 2
0 6 D -1 0 X 0 0
5 6 A -1 0 X 0 0
7 6 B -1 0 X 0 0
10 6 B -1 0 X 0 0
12 6 C -1 0 X 0 0
13 6 A -1 0 X 0 0
14 6 C -1 0 X 0 0
17 6 WALL -1 0 X 0 0
0 7 B -1 0 X 0 0
6 7 A -1 0 X 0 0
13 7 C -1 0 X 0 0
7 8 D -1 0 X 0 0
12 8 C -1 0 X 0 0
13 8 WALL -1 0 X 0 0
14 8 B -1 0 X 0 0
4 10 8 6
4 10 8 6
1
