24 12
46
2 0 C -1 0 X 0 0
9 0 A -1 0 X 0 0
13 0 A -1 0 X 0 0
16 0 WALL -1 0 X 0 0
18 0 A -1 0 X 0 0
1 1 D -1 0 X 0 0
5 1 C -1 0 X 0 0
6 1 D -1 0 X 0 0
9 1 D -1 0 X 0 0
22 1 C -1 0 X 0 0
1 2 A -1 0 X 0 0
13 2 B -1 0 X 0 0
19 2 D -1 0 X 0 0
3 3 ROOT 0 1 N 0 1
8 3 B -1 0 X 0 0
11 3 A -1 0 X 0 0
15 3 C -1 0 X 0 0
3 4 D -1 0 X 0 0
15 4 D -1 0 X 0 0
22 4 B -1 0 X 0 0
4 5 C -1 0 X 0 0
10 5 B -1 0 X 0 0
13 5 B -1 0 X 0 0
10 6 B -1 0 X 0 0
13 6 B -1 0 X 0 0
19 6 C -1 0 X 0 0
1 7 B -1 0 X 0 0
8 7 D -1 0 X 0 0
20 7 D -1 0 X 0 0
8 8 C -1 0 X 0 0
12 8 A -1 0 X 0 0
15 8 B -1 0 X 0 0
20 8 ROOT 1 2 N 0 2
4 9 D -1 0 X 0 0
10 9 B -1 0 X 0 0
22 9 A -1 0 X 0 0
1 10 C -1 0 X 0 0
14 10 D -1 0 X 0 0
17 10 D -1 0 X 0 0
18 10 C -1 0 X 0 0
22 10 D -1 0 X 0 0
5 11 A -1 0 X 0 0
7 11 WALL -1 0 X 0 0
10 11 A -1 0 X 0 0
14 11 A -1 0 X 0 0
21 11 C -1 0 X 0 0
4 5 5 7
4 5 5 7
1
