20 10
50
1 0 D -1 0 X 0 0
2 0 WALL -1 0 X 0 0
4 0 C -1 0 X 0 0
8 0 WALL -1 0 X 0 0
9 0 D -1 0 X 0 0
10 0 D -1 0 X 0 0
11 0 WALL -1 0 X 0 0
15 0 C -1 0 X 0 0
17 0 WALL -1 0 X 0 0
18 0 D -1 0 X 0 0
1 1 B -1 0 X 0 0
2 1 B -1 0 X 0 0
3 1 ROOT 0 1 N 0 1
5 1 C -1 0 X 0 0
14 1 C -1 0 X 0 0
16 1 ROOT 1 2 N 0 2
17 1 B -1 0 X 0 0
18 1 B -1 0 X 0 0
3 2 WALL -1 0 X 0 0
8 2 A -1 0 X 0 0
11 2 A -1 0 X 0 0
16 2 WALL -1 0 X 0 0
4 3 WALL -1 0 X 0 0
5 3 WALL -1 0 X 0 0
14 3 WALL -1 0 X 0 0
15 3 WALL -1 0 X 0 0
4 5 A -1 0 X 0 0
5 5 WALL -1 0 X 0 0
14 5 WALL -1 0 X 0 0
15 5 A -1 0 X 0 0
5 6 WALL -1 0 X 0 0
8 6 WALL -1 0 X 0 0
9 6 WALL -1 0 X 0 0
10 6 WALL -1 0 X 0 0
11 6 WALL -1 0 X 0 0
14 6 WALL -1 0 X 0 0
6 7 A -1 0 X 0 0
13 7 A -1 0 X 0 0
1 8 B -1 0 X 0 0
2 8 C -1 0 X 0 0
3 8 D -1 0 X 0 0
9 8 A -1 0 X 0 0
10 8 A -1 0 X 0 0
16 8 D -1 0 X 0 0
17 8 C -1 0 X 0 0
18 8 B -1 0 X 0 0
0 9 B -1 0 X 0 0
6 9 C -1 0 X 0 0
13 9 C -1 0 X 0 0
19 9 B -1 0 X 0 0
6 8 3 4
6 8 3 4
1
