22 11
34
3 0 ROOT 0 1 N 0 1
6 0 B -1 0 X 0 0
13 0 C -1 0 X 0 0
8 1 WALL -1 0 X 0 0
9 1 C -1 0 X 0 0
16 1 D -1 0 X 0 0
19 1 D -1 0 X 0 0
21 1 WALL -1 0 X 0 0
4 2 A -1 0 X 0 0
9 2 B -1 0 X 0 0
11 3 A -1 0 X 0 0
4 4 WALL -1 0 X 0 0
7 4 D -1 0 X 0 0
12 4 A -1 0 X 0 0
13 4 A -1 0 X 0 0
0 5 B -1 0 X 0 0
8 5 C -1 0 X 0 0
13 5 C -1 0 X 0 0
21 5 B -1 0 X 0 0
8 6 A -1 0 X 0 0
9 6 A -1 0 X 0 0
14 6 D -1 0 X 0 0
17 6 WALL -1 0 X 0 0
10 7 A -1 0 X 0 0
12 8 B -1 0 X 0 0
17 8 A -1 0 X 0 0
0 9 WALL -1 0 X 0 0
2 9 D -1 0 X 0 0
5 9 D -1 0 X 0 0
12 9 C -1 0 X 0 0
13 9 WALL -1 0 X 0 0
8 10 C -1 0 X 0 0
15 10 B -1 0 X 0 0
18 10 ROOT 1 2 N 0 2
4 7 10 9
4 7 10 9
1
