22 11
36
1 0 ROOT 1 1 N 0 1
6 0 WALL -1 0 X 0 0
12 0 B -1 0 X 0 0
17 0 WALL -1 0 X 0 0
21 0 WALL -1 0 X 0 0
5 1 B -1 0 X 0 0
8 1 A -1 0 X 0 0
11 1 A -1 0 X 0 0
0 2 WALL -1 0 X 0 0
4 2 C -1 0 X 0 0
15 2 C -1 0 X 0 0
16 2 C -1 0 X 0 0
14 3 B -1 0 X 0 0
21 3 D -1 0 X 0 0
5 4 D -1 0 X 0 0
18 4 A -1 0 X 0 0
21 4 WALL -1 0 X 0 0
4 5 D -1 0 X 0 0
17 5 D -1 0 X 0 0
0 6 WALL -1 0 X 0 0
3 6 A -1 0 X 0 0
16 6 D -1 0 X 0 0
0 7 D -1 0 X 0 0
7 7 B -1 0 X 0 0
5 8 C -1 0 X 0 0
6 8 C -1 0 X 0 0
17 8 C -1 0 X 0 0
21 8 WALL -1 0 X 0 0
10 9 A -1 0 X 0 0
13 9 A -1 0 X 0 0
16 9 B -1 0 X 0 0
0 10 WALL -1 0 X 0 0
4 10 WALL -1 0 X 0 0
9 10 B -1 0 X 0 0
15 10 WALL -1 0 X 0 0
20 10 ROOT 0 2 N 0 2
5 5 7 5
5 5 7 5
1
