22 11
38
0 0 ROOT 0 1 N 0 1
21 0 ROOT 1 2 N 0 2
4 2 C -1 0 X 0 0
17 2 C -1 0 X 0 0
0 3 WALL -1 0 X 0 0
2 3 A -1 0 X 0 0
19 3 A -1 0 X 0 0
21 3 WALL -1 0 X 0 0
1 5 WALL -1 0 X 0 0
9 5 B -1 0 X 0 0
10 5 A -1 0 X 0 0
11 5 A -1 0 X 0 0
12 5 B -1 0 X 0 0
20 5 WALL -1 0 X 0 0
1 6 D -1 0 X 0 0
8 6 D -1 0 X 0 0
13 6 D -1 0 X 0 0
20 6 D -1 0 X 0 0
0 7 D -1 0 X 0 0
1 7 C -1 0 X 0 0
4 7 A -1 0 X 0 0
17 7 A -1 0 X 0 0
20 7 C -1 0 X 0 0
21 7 D -1 0 X 0 0
0 9 A -1 0 X 0 0
1 9 B -1 0 X 0 0
3 9 B -1 0 X 0 0
8 9 C -1 0 X 0 0
13 9 C -1 0 X 0 0
18 9 B -1 0 X 0 0
20 9 B -1 0 X 0 0
21 9 A -1 0 X 0 0
0 10 B -1 0 X 0 0
2 10 WALL -1 0 X 0 0
7 10 WALL -1 0 X 0 0
14 10 WALL -1 0 X 0 0
19 10 WALL -1 0 X 0 0
21 10 B -1 0 X 0 0
7 8 3 6
7 8 3 6
1
