20 10
78
1 0 B -1 0 X 0 0
2 0 C -1 0 X 0 0
3 0 A -1 0 X 0 0
5 0 WALL -1 0 X 0 0
10 0 WALL -1 0 X 0 0
11 0 A -1 0 X 0 0
12 0 D -1 0 X 0 0
13 0 A -1 0 X 0 0
0 1 C -1 0 X 0 0
3 1 D -1 0 X 0 0
4 1 A -1 0 X 0 0
17 1 B -1 0 X 0 0
19 1 C -1 0 X 0 0
0 2 A -1 0 X 0 0
1 2 WALL -1 0 X 0 0
2 2 ROOT 1 1 N 0 1
4 2 B -1 0 X 0 0
5 2 A -1 0 X 0 0
6 2 WALL -1 0 X 0 0
8 2 WALL -1 0 X 0 0
12 2 WALL -1 0 X 0 0
15 2 C -1 0 X 0 0
16 2 WALL -1 0 X 0 0
17 2 D -1 0 X 0 0
0 3 WALL -1 0 X 0 0
2 3 B -1 0 X 0 0
3 3 D -1 0 X 0 0
5 3 D -1 0 X 0 0
6 3 WALL -1 0 X 0 0
7 3 WALL -1 0 X 0 0
10 3 WALL -1 0 X 0 0
12 3 C -1 0 X 0 0
14 3 A -1 0 X 0 0
1 4 WALL -1 0 X 0 0
5 4 WALL -1 0 X 0 0
12 4 D -1 0 X 0 0
16 4 B -1 0 X 0 0
17 4 WALL -1 0 X 0 0
18 4 C -1 0 X 0 0
1 5 C -1 0 X 0 0
2 5 WALL -1 0 X 0 0
3 5 B -1 0 X 0 0
7 5 D -1 0 X 0 0
14 5 WALL -1 0 X 0 0
18 5 WALL -1 0 X 0 0
5 6 A -1 0 X 0 0
7 6 C -1 0 X 0 0
9 6 WALL -1 0 X 0 0
12 6 WALL -1 0 X 0 0
13 6 WALL -1 0 X 0 0
14 6 D -1 0 X 0 0
16 6 D -1 0 X 0 0
17 6 B -1 0 X 0 0
19 6 WALL -1 0 X 0 0
2 7 D -1 0 X 0 0
3 7 WALL -1 0 X 0 0
4 7 C -1 0 X 0 0
7 7 WALL -1 0 X 0 0
11 7 WALL -1 0 X 0 0
13 7 WALL -1 0 X 0 0
14 7 A -1 0 X 0 0
15 7 B -1 0 X 0 0
17 7 ROOT 0 2 N 0 2
18 7 WALL -1 0 X 0 0
19 7 A -1 0 X 0 0
0 8 C -1 0 X 0 0
2 8 B -1 0 X 0 0
15 8 A -1 0 X 0 0
16 8 D -1 0 X 0 0
19 8 C -1 0 X 0 0
6 9 A -1 0 X 0 0
7 9 D -1 0 X 0 0
8 9 A -1 0 X 0 0
9 9 WALL -1 0 X 0 0
14 9 WALL -1 0 X 0 0
16 9 A -1 0 X 0 0
17 9 C -1 0 X 0 0
18 9 B -1 0 X 0 0
9 4 9 3
9 4 9 3
1
