22 11
50
8 0 WALL -1 0 X 0 0
13 0 WALL -1 0 X 0 0
0 1 ROOT 1 1 N 0 1
3 1 WALL -1 0 X 0 0
4 1 B -1 0 X 0 0
5 1 A -1 0 X 0 0
16 1 A -1 0 X 0 0
17 1 B -1 0 X 0 0
18 1 WALL -1 0 X 0 0
21 1 ROOT 0 2 N 0 2
0 2 WALL -1 0 X 0 0
2 2 A -1 0 X 0 0
19 2 A -1 0 X 0 0
21 2 WALL -1 0 X 0 0
1 3 WALL -1 0 X 0 0
20 3 WALL -1 0 X 0 0
5 4 D -1 0 X 0 0
9 4 C -1 0 X 0 0
12 4 C -1 0 X 0 0
16 4 D -1 0 X 0 0
4 5 WALL -1 0 X 0 0
6 5 WALL -1 0 X 0 0
9 5 B -1 0 X 0 0
12 5 B -1 0 X 0 0
15 5 WALL -1 0 X 0 0
17 5 WALL -1 0 X 0 0
0 6 C -1 0 X 0 0
1 6 B -1 0 X 0 0
20 6 B -1 0 X 0 0
21 6 C -1 0 X 0 0
5 7 WALL -1 0 X 0 0
16 7 WALL -1 0 X 0 0
2 8 WALL -1 0 X 0 0
3 8 A -1 0 X 0 0
7 8 C -1 0 X 0 0
14 8 C -1 0 X 0 0
18 8 A -1 0 X 0 0
19 8 WALL -1 0 X 0 0
3 9 WALL -1 0 X 0 0
4 9 D -1 0 X 0 0
17 9 D -1 0 X 0 0
18 9 WALL -1 0 X 0 0
1 10 A -1 0 X 0 0
2 10 B -1 0 X 0 0
3 10 WALL -1 0 X 0 0
8 10 D -1 0 X 0 0
13 10 D -1 0 X 0 0
18 10 WALL -1 0 X 0 0
19 10 B -1 0 X 0 0
20 10 A -1 0 X 0 0
7 8 10 7
7 8 10 7
1
