16 8
38
2 0 C -1 0 X 0 0
3 0 WALL -1 0 X 0 0
5 0 A -1 0 X 0 0
9 0 D -1 0 X 0 0
11 0 B -1 0 X 0 0
0 1 ROOT 1 1 N 0 1
2 1 A -1 0 X 0 0
0 2 WALL -1 0 X 0 0
3 2 WALL -1 0 X 0 0
5 2 B -1 0 X 0 0
10 2 WALL -1 0 X 0 0
11 2 C -1 0 X 0 0
12 2 B -1 0 X 0 0
13 2 WALL -1 0 X 0 0
15 2 C -1 0 X 0 0
3 3 D -1 0 X 0 0
4 3 WALL -1 0 X 0 0
9 3 D -1 0 X 0 0
10 3 A -1 0 X 0 0
5 4 A -1 0 X 0 0
6 4 D -1 0 X 0 0
11 4 WALL -1 0 X 0 0
12 4 D -1 0 X 0 0
0 5 C -1 0 X 0 0
2 5 WALL -1 0 X 0 0
3 5 B -1 0 X 0 0
4 5 C -1 0 X 0 0
5 5 WALL -1 0 X 0 0
10 5 B -1 0 X 0 0
12 5 WALL -1 0 X 0 0
15 5 WALL -1 0 X 0 0
13 6 A -1 0 X 0 0
15 6 ROOT 0 2 N 0 2
4 7 B -1 0 X 0 0
6 7 D -1 0 X 0 0
10 7 A -1 0 X 0 0
12 7 WALL -1 0 X 0 0
13 7 C -1 0 X 0 0
5 7 6 3
5 7 6 3
1
