22 11
28
10 0 A -1 0 X 0 0
2 1 C -1 0 X 0 0
0 2 C -1 0 X 0 0
1 2 ROOT 0 1 N 0 1
8 2 A -1 0 X 0 0
10 2 B -1 0 X 0 0
11 2 D -1 0 X 0 0
16 2 WALL -1 0 X 0 0
17 2 D -1 0 X 0 0
7 3 WALL -1 0 X 0 0
15 3 B -1 0 X 0 0
16 3 WALL -1 0 X 0 0
21 3 WALL -1 0 X 0 0
19 4 WALL -1 0 X 0 0
2 6 WALL -1 0 X 0 0
0 7 WALL -1 0 X 0 0
5 7 WALL -1 0 X 0 0
6 7 B -1 0 X 0 0
14 7 WALL -1 0 X 0 0
4 8 D -1 0 X 0 0
5 8 WALL -1 0 X 0 0
10 8 D -1 0 X 0 0
11 8 B -1 0 X 0 0
13 8 A -1 0 X 0 0
20 8 ROOT 1 2 N 0 2
21 8 C -1 0 X 0 0
19 9 C -1 0 X 0 0
11 10 A -1 0 X 0 0
8 3 6 8
8 3 6 8
1
