20 10
34
7 0 D -1 0 X 0 0
13 0 WALL -1 0 X 0 0
0 1 A -1 0 X 0 0
1 1 C -1 0 X 0 0
5 1 A -1 0 X 0 0
6 1 D -1 0 X 0 0
14 1 D -1 0 X 0 0
15 1 WALL -1 0 X 0 0
1 2 ROOT 1 1 N 0 1
6 2 B -1 0 X 0 0
7 2 B -1 0 X 0 0
13 2 C -1 0 X 0 0
18 2 C -1 0 X 0 0
9 4 A -1 0 X 0 0
15 4 B -1 0 X 0 0
17 4 WALL -1 0 X 0 0
19 4 A -1 0 X 0 0
0 5 A -1 0 X 0 0
2 5 WALL -1 0 X 0 0
4 5 B -1 0 X 0 0
10 5 A -1 0 X 0 0
1 7 C -1 0 X 0 0
6 7 C -1 0 X 0 0
12 7 B -1 0 X 0 0
13 7 B -1 0 X 0 0
18 7 ROOT 0 2 N 0 2
4 8 WALL -1 0 X 0 0
5 8 D -1 0 X 0 0
13 8 D -1 0 X 0 0
14 8 A -1 0 X 0 0
18 8 C -1 0 X 0 0
19 8 A -1 0 X 0 0
6 9 WALL -1 0 X 0 0
12 9 D -1 0 X 0 0
9 8 9 6
9 8 9 6
1
