16 8
40
2 0 WALL -1 0 X 0 0
3 0 D -1 0 X 0 0
4 0 D -1 0 X 0 0
5 0 C -1 0 X 0 0
7 0 A -1 0 X 0 0
15 0 B -1 0 X 0 0
0 1 ROOT 1 1 N 0 1
1 1 A -1 0 X 0 0
2 1 C -1 0 X 0 0
4 1 D -1 0 X 0 0
5 1 C -1 0 X 0 0
8 1 WALL -1 0 X 0 0
1 2 A -1 0 X 0 0
6 2 B -1 0 X 0 0
9 2 WALL -1 0 X 0 0
10 2 WALL -1 0 X 0 0
14 2 WALL -1 0 X 0 0
7 3 WALL -1 0 X 0 0
11 3 B -1 0 X 0 0
15 3 WALL -1 0 X 0 0
0 4 WALL -1 0 X 0 0
4 4 B -1 0 X 0 0
8 4 WALL -1 0 X 0 0
1 5 WALL -1 0 X 0 0
5 5 WALL -1 0 X 0 0
6 5 WALL -1 0 X 0 0
9 5 B -1 0 X 0 0
14 5 A -1 0 X 0 0
7 6 WALL -1 0 X 0 0
10 6 C -1 0 X 0 0
11 6 D -1 0 X 0 0
13 6 C -1 0 X 0 0
14 6 A -1 0 X 0 0
15 6 ROOT 0 2 N 0 2
0 7 B -1 0 X 0 0
8 7 A -1 0 X 0 0
10 7 C -1 0 X 0 0
11 7 D -1 0 X 0 0
12 7 D -1 0 X 0 0
13 7 WALL -1 0 X 0 0
4 6 5 10
4 6 5 10
1
