16 8
26
9 0 WALL -1 0 X 0 0
14 0 A -1 0 X 0 0
15 0 B -1 0 X 0 0
6 1 A -1 0 X 0 0
2 2 ROOT 0 1 N 0 1
3 2 WALL -1 0 X 0 0
6 2 D -1 0 X 0 0
8 2 B -1 0 X 0 0
10 2 WALL -1 0 X 0 0
11 2 WALL -1 0 X 0 0
14 2 A -1 0 X 0 0
1 3 C -1 0 X 0 0
4 3 D -1 0 X 0 0
11 4 D -1 0 X 0 0
14 4 C -1 0 X 0 0
1 5 A -1 0 X 0 0
4 5 WALL -1 0 X 0 0
5 5 WALL -1 0 X 0 0
7 5 B -1 0 X 0 0
9 5 D -1 0 X 0 0
12 5 WALL -1 0 X 0 0
13 5 ROOT 1 2 N 0 2
9 6 A -1 0 X 0 0
0 7 B -1 0 X 0 0
1 7 A -1 0 X 0 0
6 7 WALL -1 0 X 0 0
9 4 9 5
9 4 9 5
1
