18 9
26
1 0 A -1 0 X 0 0
2 0 WALL -1 0 X 0 0
12 0 D -1 0 X 0 0
13 0 A -1 0 X 0 0
14 0 D -1 0 X 0 0
17 0 B -1 0 X 0 0
0 1 B -1 0 X 0 0
4 1 B -1 0 X 0 0
13 1 C -1 0 X 0 0
3 2 ROOT 1 1 N 0 1
2 3 C -1 0 X 0 0
4 3 WALL -1 0 X 0 0
12 3 A -1 0 X 0 0
5 5 A -1 0 X 0 0
13 5 WALL -1 0 X 0 0
15 5 C -1 0 X 0 0
14 6 ROOT 0 2 N 0 2
4 7 C -1 0 X 0 0
13 7 B -1 0 X 0 0
17 7 B -1 0 X 0 0
0 8 B -1 0 X 0 0
3 8 D -1 0 X 0 0
4 8 A -1 0 X 0 0
5 8 D -1 0 X 0 0
15 8 WALL -1 0 X 0 0
16 8 A -1 0 X 0 0
7 10 10 6
7 10 10 6
1
