18 9
62
0 0 C -1 0 X 0 0
1 0 WALL -1 0 X 0 0
12 0 C -1 0 X 0 0
14 0 C -1 0 X 0 0
4 1 WALL -1 0 X 0 0
5 1 C -1 0 X 0 0
8 1 A -1 0 X 0 0
9 1 B -1 0 X 0 0
10 1 B -1 0 X 0 0
11 1 D -1 0 X 0 0
12 1 A -1 0 X 0 0
13 1 A -1 0 X 0 0
14 1 WALL -1 0 X 0 0
1 2 ROOT 0 1 N 0 1
2 2 WALL -1 0 X 0 0
3 2 WALL -1 0 X 0 0
6 2 A -1 0 X 0 0
7 2 A -1 0 X 0 0
9 2 D -1 0 X 0 0
14 2 B -1 0 X 0 0
1 3 WALL -1 0 X 0 0
2 3 WALL -1 0 X 0 0
5 3 WALL -1 0 X 0 0
8 3 C -1 0 X 0 0
9 3 B -1 0 X 0 0
11 3 WALL -1 0 X 0 0
12 3 WALL -1 0 X 0 0
14 3 B -1 0 X 0 0
0 4 D -1 0 X 0 0
4 4 D -1 0 X 0 0
6 4 WALL -1 0 X 0 0
11 4 WALL -1 0 X 0 0
13 4 D -1 0 X 0 0
17 4 D -1 0 X 0 0
3 5 B -1 0 X 0 0
5 5 WALL -1 0 X 0 0
6 5 WALL -1 0 X 0 0
8 5 B -1 0 X 0 0
9 5 C -1 0 X 0 0
12 5 WALL -1 0 X 0 0
15 5 WALL -1 0 X 0 0
16 5 WALL -1 0 X 0 0
3 6 B -1 0 X 0 0
8 6 D -1 0 X 0 0
10 6 A -1 0 X 0 0
11 6 A -1 0 X 0 0
14 6 WALL -1 0 X 0 0
15 6 WALL -1 0 X 0 0
16 6 ROOT 1 2 N 0 2
3 7 WALL -1 0 X 0 0
4 7 A -1 0 X 0 0
5 7 A -1 0 X 0 0
6 7 D -1 0 X 0 0
7 7 B -1 0 X 0 0
8 7 B -1 0 X 0 0
9 7 A -1 0 X 0 0
12 7 C -1 0 X 0 0
13 7 WALL -1 0 X 0 0
3 8 C -1 0 X 0 0
5 8 C -1 0 X 0 0
16 8 WALL -1 0 X 0 0
17 8 C -1 0 X 0 0
9 10 4 8
9 10 4 8
1
