20 10
26
5 0 WALL -1 0 X 0 0
6 0 B -1 0 X 0 0
8 0 C -1 0 X 0 0
1 1 ROOT 1 1 N 0 1
11 1 WALL -1 0 X 0 0
12 1 A -1 0 X 0 0
11 2 WALL -1 0 X 0 0
5 3 D -1 0 X 0 0
9 3 C -1 0 X 0 0
10 3 A -1 0 X 0 0
18 3 B -1 0 X 0 0
6 4 D -1 0 X 0 0
15 4 WALL -1 0 X 0 0
4 5 WALL -1 0 X 0 0
13 5 D -1 0 X 0 0
1 6 B -1 0 X 0 0
9 6 A -1 0 X 0 0
10 6 C -1 0 X 0 0
14 6 D -1 0 X 0 0
8 7 WALL -1 0 X 0 0
7 8 A -1 0 X 0 0
8 8 WALL -1 0 X 0 0
18 8 ROOT 0 2 N 0 2
11 9 C -1 0 X 0 0
13 9 B -1 0 X 0 0
14 9 WALL -1 0 X 0 0
7 6 10 10
7 6 10 10
1
