22 11
54
0 0 A -1 0 X 0 0
1 0 ROOT 0 1 N 0 1
20 0 ROOT 1 2 N 0 2
21 0 A -1 0 X 0 0
0 1 B -1 0 X 0 0
2 1 B -1 0 X 0 0
8 1 C -1 0 X 0 0
9 1 B -1 0 X 0 0
12 1 B -1 0 X 0 0
13 1 C -1 0 X 0 0
19 1 B -1 0 X 0 0
21 1 B -1 0 X 0 0
3 3 D -1 0 X 0 0
4 3 D -1 0 X 0 0
17 3 D -1 0 X 0 0
18 3 D -1 0 X 0 0
1 4 B -1 0 X 0 0
20 4 B -1 0 X 0 0
0 5 A -1 0 X 0 0
1 5 B -1 0 X 0 0
4 5 A -1 0 X 0 0
10 5 C -1 0 X 0 0
11 5 C -1 0 X 0 0
17 5 A -1 0 X 0 0
20 5 B -1 0 X 0 0
21 5 A -1 0 X 0 0
1 6 B -1 0 X 0 0
4 6 C -1 0 X 0 0
5 6 A -1 0 X 0 0
7 6 D -1 0 X 0 0
10 6 C -1 0 X 0 0
11 6 C -1 0 X 0 0
14 6 D -1 0 X 0 0
16 6 A -1 0 X 0 0
17 6 C -1 0 X 0 0
20 6 B -1 0 X 0 0
6 8 D -1 0 X 0 0
8 8 WALL -1 0 X 0 0
13 8 WALL -1 0 X 0 0
15 8 D -1 0 X 0 0
6 9 C -1 0 X 0 0
7 9 A -1 0 X 0 0
14 9 A -1 0 X 0 0
15 9 C -1 0 X 0 0
0 10 C -1 0 X 0 0
3 10 D -1 0 X 0 0
4 10 WALL -1 0 X 0 0
8 10 A -1 0 X 0 0
10 10 B -1 0 X 0 0
11 10 B -1 0 X 0 0
13 10 A -1 0 X 0 0
17 10 WALL -1 0 X 0 0
18 10 D -1 0 X 0 0
21 10 C -1 0 X 0 0
5 5 9 9
5 5 9 9
1
