24 12
32
0 0 C -1 0 X 0 0
4 0 A -1 0 X 0 0
7 0 C -1 0 X 0 0
5 1 C -1 0 X 0 0
21 1 A -1 0 X 0 0
4 2 D -1 0 X 0 0
8 2 B -1 0 X 0 0
13 2 D -1 0 X 0 0
20 2 B -1 0 X 0 0
21 2 D -1 0 X 0 0
3 3 ROOT 0 1 N 0 1
11 3 C -1 0 X 0 0
13 4 B -1 0 X 0 0
23 4 D -1 0 X 0 0
7 5 A -1 0 X 0 0
21 5 B -1 0 X 0 0
2 6 B -1 0 X 0 0
16 6 A -1 0 X 0 0
0 7 D -1 0 X 0 0
10 7 B -1 0 X 0 0
12 8 C -1 0 X 0 0
20 8 ROOT 1 2 N 0 2
2 9 D -1 0 X 0 0
3 9 B -1 0 X 0 0
10 9 D -1 0 X 0 0
15 9 B -1 0 X 0 0
19 9 D -1 0 X 0 0
2 10 A -1 0 X 0 0
18 10 C -1 0 X 0 0
16 11 C -1 0 X 0 0
19 11 A -1 0 X 0 0
23 11 C -1 0 X 0 0
8 5 4 8
8 5 4 8
1
