24 12
84
1 0 ROOT 1 1 N 0 1
2 0 B -1 0 X 0 0
7 0 WALL -1 0 X 0 0
8 0 WALL -1 0 X 0 0
9 0 C -1 0 X 0 0
11 0 C -1 0 X 0 0
14 0 B -1 0 X 0 0
15 0 B -1 0 X 0 0
16 0 A -1 0 X 0 0
17 0 D -1 0 X 0 0
19 0 D -1 0 X 0 0
22 0 WALL -1 0 X 0 0
0 1 C -1 0 X 0 0
1 1 A -1 0 X 0 0
2 1 B -1 0 X 0 0
12 1 WALL -1 0 X 0 0
15 1 B -1 0 X 0 0
16 1 C -1 0 X 0 0
17 1 WALL -1 0 X 0 0
18 1 WALL -1 0 X 0 0
1 2 D -1 0 X 0 0
5 2 C -1 0 X 0 0
13 2 WALL -1 0 X 0 0
15 2 D -1 0 X 0 0
17 2 B -1 0 X 0 0
19 2 D -1 0 X 0 0
22 2 A -1 0 X 0 0
2 3 B -1 0 X 0 0
4 3 WALL -1 0 X 0 0
7 3 A -1 0 X 0 0
10 3 C -1 0 X 0 0
14 3 A -1 0 X 0 0
1 4 WALL -1 0 X 0 0
2 4 A -1 0 X 0 0
3 4 WALL -1 0 X 0 0
14 4 A -1 0 X 0 0
17 4 B -1 0 X 0 0
18 4 WALL -1 0 X 0 0
20 4 D -1 0 X 0 0
0 5 WALL -1 0 X 0 0
4 5 D -1 0 X 0 0
13 5 C -1 0 X 0 0
10 6 C -1 0 X 0 0
19 6 D -1 0 X 0 0
23 6 WALL -1 0 X 0 0
3 7 D -1 0 X 0 0
5 7 WALL -1 0 X 0 0
6 7 B -1 0 X 0 0
9 7 A -1 0 X 0 0
20 7 WALL -1 0 X 0 0
21 7 A -1 0 X 0 0
22 7 WALL -1 0 X 0 0
9 8 A -1 0 X 0 0
13 8 C -1 0 X 0 0
16 8 A -1 0 X 0 0
19 8 WALL -1 0 X 0 0
21 8 B -1 0 X 0 0
1 9 A -1 0 X 0 0
4 9 D -1 0 X 0 0
6 9 B -1 0 X 0 0
8 9 D -1 0 X 0 0
10 9 WALL -1 0 X 0 0
18 9 C -1 0 X 0 0
22 9 D -1 0 X 0 0
5 10 WALL -1 0 X 0 0
6 10 WALL -1 0 X 0 0
7 10 C -1 0 X 0 0
8 10 B -1 0 X 0 0
11 10 WALL -1 0 X 0 0
21 10 B -1 0 X 0 0
22 10 A -1 0 X 0 0
23 10 C -1 0 X 0 0
1 11 WALL -1 0 X 0 0
4 11 D -1 0 X 0 0
6 11 D -1 0 X 0 0
7 11 A -1 0 X 0 0
8 11 B -1 0 X 0 0
9 11 B -1 0 X 0 0
12 11 C -1 0 X 0 0
14 11 C -1 0 X 0 0
15 11 WALL -1 0 X 0 0
16 11 WALL -1 0 X 0 0
21 11 B -1 0 X 0 0
22 11 ROOT 0 2 N 0 2
9 6 4 8
9 6 4 8
1
