18 9
64
3 0 D -1 0 X 0 0
6 0 A -1 0 X 0 0
7 0 WALL -1 0 X 0 0
11 0 D -1 0 X 0 0
16 0 C -1 0 X 0 0
1 1 A -1 0 X 0 0
3 1 WALL -1 0 X 0 0
5 1 WALL -1 0 X 0 0
8 1 D -1 0 X 0 0
9 1 B -1 0 X 0 0
11 1 WALL -1 0 X 0 0
0 2 B -1 0 X 0 0
1 2 WALL -1 0 X 0 0
3 2 ROOT 1 1 N 0 1
4 2 C -1 0 X 0 0
5 2 C -1 0 X 0 0
7 2 B -1 0 X 0 0
12 2 WALL -1 0 X 0 0
13 2 B -1 0 X 0 0
17 2 WALL -1 0 X 0 0
1 3 WALL -1 0 X 0 0
2 3 C -1 0 X 0 0
6 3 D -1 0 X 0 0
7 3 WALL -1 0 X 0 0
10 3 A -1 0 X 0 0
12 3 C -1 0 X 0 0
13 3 A -1 0 X 0 0
14 3 B -1 0 X 0 0
15 3 C -1 0 X 0 0
3 4 WALL -1 0 X 0 0
5 4 WALL -1 0 X 0 0
8 4 A -1 0 X 0 0
9 4 A -1 0 X 0 0
12 4 WALL -1 0 X 0 0
14 4 WALL -1 0 X 0 0
2 5 C -1 0 X 0 0
3 5 B -1 0 X 0 0
4 5 A -1 0 X 0 0
5 5 C -1 0 X 0 0
7 5 A -1 0 X 0 0
10 5 WALL -1 0 X 0 0
11 5 D -1 0 X 0 0
15 5 C -1 0 X 0 0
16 5 WALL -1 0 X 0 0
0 6 WALL -1 0 X 0 0
4 6 B -1 0 X 0 0
5 6 WALL -1 0 X 0 0
10 6 B -1 0 X 0 0
12 6 C -1 0 X 0 0
13 6 C -1 0 X 0 0
14 6 ROOT 0 2 N 0 2
16 6 WALL -1 0 X 0 0
17 6 B -1 0 X 0 0
6 7 WALL -1 0 X 0 0
8 7 B -1 0 X 0 0
9 7 D -1 0 X 0 0
12 7 WALL -1 0 X 0 0
14 7 WALL -1 0 X 0 0
16 7 A -1 0 X 0 0
1 8 C -1 0 X 0 0
6 8 D -1 0 X 0 0
10 8 WALL -1 0 X 0 0
11 8 A -1 0 X 0 0
14 8 D -1 0 X 0 0
8 10 10 9
8 10 10 9
1
