16 8
40
3 0 C -1 0 X 0 0
4 0 C -1 0 X 0 0
11 0 C -1 0 X 0 0
12 0 C -1 0 X 0 0
1 1 A -1 0 X 0 0
2 1 C -1 0 X 0 0
6 1 WALL -1 0 X 0 0
9 1 WALL -1 0 X 0 0
13 1 C -1 0 X 0 0
14 1 A -1 0 X 0 0
0 2 ROOT 0 1 N 0 1
2 2 A -1 0 X 0 0
3 2 B -1 0 X 0 0
6 2 D -1 0 X 0 0
9 2 D -1 0 X 0 0
12 2 B -1 0 X 0 0
13 2 A -1 0 X 0 0
15 2 ROOT 1 2 N 0 2
0 3 WALL -1 0 X 0 0
1 3 A -1 0 X 0 0
14 3 A -1 0 X 0 0
15 3 WALL -1 0 X 0 0
1 4 WALL -1 0 X 0 0
6 4 D -1 0 X 0 0
9 4 D -1 0 X 0 0
14 4 WALL -1 0 X 0 0
1 5 B -1 0 X 0 0
3 5 D -1 0 X 0 0
4 5 A -1 0 X 0 0
11 5 A -1 0 X 0 0
12 5 D -1 0 X 0 0
14 5 B -1 0 X 0 0
1 6 C -1 0 X 0 0
3 6 B -1 0 X 0 0
12 6 B -1 0 X 0 0
14 6 C -1 0 X 0 0
4 7 WALL -1 0 X 0 0
7 7 D -1 0 X 0 0
8 7 D -1 0 X 0 0
11 7 WALL -1 0 X 0 0
8 9 5 10
8 9 5 10
1
