24 12
64
0 0 WALL -1 0 X 0 0
1 0 D -1 0 X 0 0
2 0 ROOT 1 1 N 0 1
3 0 A -1 0 X 0 0
7 0 B -1 0 X 0 0
11 0 WALL -1 0 X 0 0
19 0 D -1 0 X 0 0
1 1 B -1 0 X 0 0
4 1 A -1 0 X 0 0
8 1 C -1 0 X 0 0
10 1 A -1 0 X 0 0
12 1 WALL -1 0 X 0 0
14 1 WALL -1 0 X 0 0
15 1 D -1 0 X 0 0
12 2 A -1 0 X 0 0
14 2 WALL -1 0 X 0 0
15 2 D -1 0 X 0 0
17 2 B -1 0 X 0 0
7 3 WALL -1 0 X 0 0
9 3 B -1 0 X 0 0
0 4 D -1 0 X 0 0
3 4 A -1 0 X 0 0
4 4 WALL -1 0 X 0 0
7 4 A -1 0 X 0 0
10 4 B -1 0 X 0 0
14 4 C -1 0 X 0 0
20 4 C -1 0 X 0 0
3 5 C -1 0 X 0 0
8 5 A -1 0 X 0 0
10 5 B -1 0 X 0 0
16 5 C -1 0 X 0 0
21 5 D -1 0 X 0 0
2 6 D -1 0 X 0 0
7 6 C -1 0 X 0 0
13 6 B -1 0 X 0 0
15 6 A -1 0 X 0 0
20 6 C -1 0 X 0 0
3 7 C -1 0 X 0 0
9 7 C -1 0 X 0 0
13 7 B -1 0 X 0 0
16 7 A -1 0 X 0 0
19 7 WALL -1 0 X 0 0
20 7 A -1 0 X 0 0
23 7 D -1 0 X 0 0
14 8 B -1 0 X 0 0
16 8 WALL -1 0 X 0 0
6 9 B -1 0 X 0 0
8 9 D -1 0 X 0 0
9 9 WALL -1 0 X 0 0
11 9 A -1 0 X 0 0
8 10 D -1 0 X 0 0
9 10 WALL -1 0 X 0 0
11 10 WALL -1 0 X 0 0
13 10 A -1 0 X 0 0
15 10 C -1 0 X 0 0
19 10 A -1 0 X 0 0
22 10 B -1 0 X 0 0
4 11 D -1 0 X 0 0
12 11 WALL -1 0 X 0 0
16 11 B -1 0 X 0 0
20 11 A -1 0 X 0 0
21 11 ROOT 0 2 N 0 2
22 11 D -1 0 X 0 0
23 11 WALL -1 0 X 0 0
5 5 6 3
5 5 6 3
1
