18 9
36
0 1 ROOT 1 1 N 0 1
1 1 WALL -1 0 X 0 0
3 1 A -1 0 X 0 0
6 1 WALL -1 0 X 0 0
11 1 WALL -1 0 X 0 0
14 1 A -1 0 X 0 0
16 1 WALL -1 0 X 0 0
17 1 ROOT 0 2 N 0 2
7 2 D -1 0 X 0 0
10 2 D -1 0 X 0 0
0 3 B -1 0 X 0 0
6 3 A -1 0 X 0 0
8 3 D -1 0 X 0 0
9 3 D -1 0 X 0 0
11 3 A -1 0 X 0 0
17 3 B -1 0 X 0 0
3 4 A -1 0 X 0 0
5 4 WALL -1 0 X 0 0
12 4 WALL -1 0 X 0 0
14 4 A -1 0 X 0 0
7 5 WALL -1 0 X 0 0
10 5 WALL -1 0 X 0 0
2 6 C -1 0 X 0 0
7 6 B -1 0 X 0 0
10 6 B -1 0 X 0 0
15 6 C -1 0 X 0 0
1 7 A -1 0 X 0 0
3 7 B -1 0 X 0 0
5 7 C -1 0 X 0 0
6 7 D -1 0 X 0 0
11 7 D -1 0 X 0 0
12 7 C -1 0 X 0 0
14 7 B -1 0 X 0 0
16 7 A -1 0 X 0 0
6 8 WALL -1 0 X 0 0
11 8 WALL -1 0 X 0 0
4 8 5 10
4 8 5 10
1
